"seqName","t05","grp"
"5M_1_1_chr1_112956191_112956192_NM_003051.3(SLC16A1):c.-202G|A_NM_003051.3_utr5_4_0_chr1_112956035_r_Mut_1",23.5861989586849,0
"5M_1_1_chr1_112956191_112956192_NM_003051.3(SLC16A1):c.-202G|A_NM_003051.3_utr5_4_0_chr1_112956035_r_Ref_1",16.8134983627699,0
"5M_1_1_chr1_11803155_11803157_NM_005957.4(MTHFR):c.-13-28_-13-27delCT_ENST00000376592.6_utr5_10_0_chr1_11803117_r_Mut_1",33.3031870119139,0
"5M_1_1_chr1_11803155_11803157_NM_005957.4(MTHFR):c.-13-28_-13-27delCT_ENST00000376592.6_utr5_10_0_chr1_11803117_r_Ref_1",138.156732730796,0
"5M_1_1_chr1_145927446_145927447_NM_005105.4(RBM8A):c.-21G|A_NM_005105.4_utr5_5_0_chr1_145927427_r_Mut_1",90.674819774285,0
"5M_1_1_chr1_145927446_145927447_NM_005105.4(RBM8A):c.-21G|A_NM_005105.4_utr5_5_0_chr1_145927427_r_Ref_1",318.168624490895,0
"5M_1_1_chr1_155318291_155318292_NM_001135822.1(FDPS):c.486+1G|A_ENST00000446880.5_utr5_1_0_chr1_155318265_r_Mut_1",17.6979824038459,0
"5M_1_1_chr1_155318291_155318292_NM_001135822.1(FDPS):c.486+1G|A_ENST00000446880.5_utr5_1_0_chr1_155318265_r_Ref_1",54.3128228910666,0
"5M_1_1_chr1_161307424_161307425_NM_000530.7(MPZ):c.68-1G|C_ENST00000491222.5_utr5_4_0_chr1_161307258_r_Mut_1",14.1247660216072,0
"5M_1_1_chr1_161307424_161307425_NM_000530.7(MPZ):c.68-1G|C_ENST00000491222.5_utr5_4_0_chr1_161307258_r_Ref_3",32.0133318011384,0
"5M_1_1_chr1_198898548_198898549_NR_040073.1(MIR181A1HG):n.363+1862C|A_ENST00000436880.2_utr5_0_0_chr1_198898466_r_Mut_1",28.033562252551,1
"5M_1_1_chr1_198898548_198898549_NR_040073.1(MIR181A1HG):n.363+1862C|A_ENST00000436880.2_utr5_0_0_chr1_198898466_r_Ref_1",27.9011643700257,1
"5M_1_1_chr1_198898954_198898955_NR_040073.1(MIR181A1HG):n.363+1456C|T_ENST00000436880.2_utr5_0_0_chr1_198898466_r_Mut_1",62.3266014359039,1
"5M_1_1_chr1_198900384_198900385_NR_040073.1(MIR181A1HG):n.363+26A|G_ENST00000436880.2_utr5_0_0_chr1_198898466_r_Mut_1",81.1146813033571,1
"5M_1_1_chr1_198900384_198900385_NR_040073.1(MIR181A1HG):n.363+26A|G_ENST00000436880.2_utr5_0_0_chr1_198898466_r_Ref_1",59.0762708795599,1
"5M_1_1_chr10_27100459_27100460_NM_014915.2(ANKRD26):c.-134G|A_NM_014915.2_utr5_33_0_chr10_27100327_r_Mut_2",57.2514064825694,0
"5M_1_1_chr10_27100459_27100460_NM_014915.2(ANKRD26):c.-134G|A_NM_014915.2_utr5_33_0_chr10_27100327_r_Ref_21",198.688254612423,0
"5M_1_1_chr11_118519615_118519616_NM_001197104.1(KMT2A):c.11147-2A|G_ENST00000525992.2_utr5_0_0_chr11_118519385_r_Ref_1",34.0425407412582,0
"5M_1_1_chr11_17388224_17388225_NM_000525.3(KCNJ11):c.-134G|T_NM_000525.3_utr5_0_0_chr11_17388092_r_Mut_2",32.5366200089658,0
"5M_1_1_chr11_2161188_2161189_NM_000207.2(INS):c.-39A|C_NM_001185098.1_utr5_1_0_chr11_2160972_r_Mut_2",105.953429307187,0
"5M_1_1_chr11_2161301_2161302_NM_000207.2(INS):c.-152C|A_ENST00000381330.4_utr5_2_0_chr11_2161168_r_Ref_6",23.2673670167877,0
"5M_1_1_chr11_2661959_2661960_NM_000218.2(KCNQ1):c.1394-1G|T_ENST00000597346.1_utr5_0_0_chr11_2608328_r_Mut_1",91.5981524417183,0
"5M_1_1_chr11_2661959_2661960_NM_000218.2(KCNQ1):c.1394-1G|T_ENST00000597346.1_utr5_0_0_chr11_2608328_r_Ref_1",83.7663068281736,0
"5M_1_1_chr11_31801558_31801559_NM_000280.4(PAX6):c.357+2dupT_NM_001310160.1_utr5_7_0_chr11_31801230_r_Mut_1",17.687419250626,0
"5M_1_1_chr11_31801558_31801559_NM_000280.4(PAX6):c.357+2dupT_NM_001310160.1_utr5_7_0_chr11_31801230_r_Ref_1",26.1772371549331,0
"5M_1_1_chr11_31801559_31801560_NM_000280.4(PAX6):c.357+1G|A_NM_001310160.1_utr5_7_0_chr11_31801230_r_Mut_1",18.2479189188762,0
"5M_1_1_chr11_47449162_47449163_NM_005055.4(RAPSN):c.-199C|G_NM_005055.4_utr5_7_0_chr11_47448965_r_Mut_1",26.5074901884305,0
"5M_1_1_chr11_47449162_47449163_NM_005055.4(RAPSN):c.-199C|G_NM_005055.4_utr5_7_0_chr11_47448965_r_Ref_4",41.3369078195283,0
"5M_1_1_chr11_47449173_47449174_NM_005055.4(RAPSN):c.-210A|G_NM_005055.4_utr5_7_0_chr11_47448965_r_Mut_1",30.4235934555337,0
"5M_1_1_chr11_5234513_5234514_NM_000519.3(HBD):c.-81A|G_NM_000519.3_utr5_2_0_chr11_5234434_r_Mut_2",15.4645522001741,0
"5M_1_1_chr11_5234513_5234514_NM_000519.3(HBD):c.-81A|G_NM_000519.3_utr5_2_0_chr11_5234434_r_Ref_2",21.0455037702312,0
"5M_1_1_chr11_5234558_5234559_NM_000519.3(HBD):c.-126A|T_NM_000519.3_utr5_2_0_chr11_5234434_r_Mut_2",191.301448300023,1
"5M_1_1_chr11_5234558_5234559_NM_000519.3(HBD):c.-126A|T_NM_000519.3_utr5_2_0_chr11_5234434_r_Ref_2",51.2583802989229,1
"5M_1_1_chr11_5234559_5234560_NM_000519.3(HBD):c.-127T|C_NM_000519.3_utr5_2_0_chr11_5234434_r_Mut_2",24.7137291244014,1
"5M_1_1_chr11_5234559_5234560_NM_000519.3(HBD):c.-127T|C_NM_000519.3_utr5_2_0_chr11_5234434_r_Ref_2",39.8815017166851,1
"5M_1_1_chr11_5254894_5254895_NM_000184.2(HBG2):c.-167C|A_ENST00000380259.6_utr5_2_0_chr11_5254729_r_Mut_1",50.9999521307178,0
"5M_1_1_chr11_5254894_5254895_NM_000184.2(HBG2):c.-167C|A_ENST00000380259.6_utr5_2_0_chr11_5254729_r_Ref_2",33.5337711178223,0
"5M_1_1_chr11_5254894_5254895_NM_000184.2(HBG2):c.-167C|T_ENST00000380259.6_utr5_2_0_chr11_5254729_r_Mut_1",26.0297298189034,0
"5M_1_1_chr11_5254955_5254956_NM_000184.2(HBG2):c.-228T|C_ENST00000380259.6_utr5_2_0_chr11_5254729_r_Mut_1",72.1938021513566,0
"5M_1_1_chr11_5254955_5254956_NM_000184.2(HBG2):c.-228T|C_ENST00000380259.6_utr5_2_0_chr11_5254729_r_Ref_1",42.9699196903398,0
"5M_1_1_chr11_5254982_5254983_NM_000184.2(HBG2):c.-255C|G_ENST00000380259.6_utr5_2_0_chr11_5254729_r_Mut_1",35.8891652068891,0
"5M_1_1_chr11_5254982_5254983_NM_000184.2(HBG2):c.-255C|G_ENST00000380259.6_utr5_2_0_chr11_5254729_r_Ref_1",16.7762965272075,0
"5M_1_1_chr12_123754416_123754418_NM_012463.3(ATP6V0A2):c.2176-3_2176-2delCA_ENST00000623681.1_utr5_0_0_chr12_123754246_r_Mut_1",32.6685216046471,1
"5M_1_1_chr12_123754416_123754418_NM_012463.3(ATP6V0A2):c.2176-3_2176-2delCA_ENST00000623681.1_utr5_0_0_chr12_123754246_r_Ref_1",40.7677891502204,1
"5M_1_1_chr12_6944473_6944474_NM_138425.3(C12orf57):c.53-2A|G_ENST00000607421.1_utr5_0_0_chr12_6943508_r_Mut_1",60.9035219968426,0
"5M_1_1_chr13_20189604_20189605_NM_004004.5(GJB2):c.-22-2A|C_ENST00000382844.1_utr5_0_0_chr13_20189582_r_Mut_1",18.9238650951736,1
"5M_1_1_chr13_20189604_20189605_NM_004004.5(GJB2):c.-22-2A|C_ENST00000382844.1_utr5_0_0_chr13_20189582_r_Ref_2",46.2076640017224,1
"5M_1_1_chr15_100893010_100893011_NM_000693.3(ALDH1A3):c.537+5G|A_ENST00000560351.2_utr5_0_0_chr15_100892859_r_Mut_1",18.5230547032263,1
"5M_1_1_chr15_100893010_100893011_NM_000693.3(ALDH1A3):c.537+5G|A_ENST00000560351.2_utr5_0_0_chr15_100892859_r_Ref_1",35.5628183177386,0
"5M_1_1_chr16_30986204_30986205_NM_025193.3(HSD3B7):c.322+1G|T_ENST00000624286.1_utr5_0_0_chr16_30984630_r_Mut_1",24.2874268543087,0
"5M_1_1_chr16_30986204_30986205_NM_025193.3(HSD3B7):c.322+1G|T_ENST00000624286.1_utr5_0_0_chr16_30984630_r_Ref_1",54.0916261993391,0
"5M_1_1_chr17_8016203_8016204_NM_000180.3(GUCY2D):c.3139-1G|C_ENST00000623126.1_utr5_0_0_chr17_8013327_r_Mut_1",29.4966787179703,0
"5M_1_1_chr17_8016203_8016204_NM_000180.3(GUCY2D):c.3139-1G|C_ENST00000623126.1_utr5_0_0_chr17_8013327_r_Ref_1",32.8430371090141,0
"5M_1_1_chr17_8173530_8173531_NR_033294.1(SNORD118):n.58A|G_ENST00000363593.1_utr5_0_0_chr17_8173454_r_Mut_1",25.0724326753306,0
"5M_1_1_chr17_8173530_8173531_NR_033294.1(SNORD118):n.58A|G_ENST00000363593.1_utr5_0_0_chr17_8173454_r_Ref_2",104.217020495833,0
"5M_1_1_chr17_8173531_8173532_NR_033294.1(SNORD118):n.57G|A_ENST00000363593.1_utr5_0_0_chr17_8173454_r_Mut_1",12.1130558681404,0
"5M_1_1_chr19_54123560_54123561_NM_015629.3(PRPF31):c.527+1G|T_ENST00000452097.1_utr5_3_0_chr19_54122492_r_Mut_1",47.0244952103579,0
"5M_1_1_chr19_54123560_54123561_NM_015629.3(PRPF31):c.527+1G|T_ENST00000452097.1_utr5_3_0_chr19_54122492_r_Ref_1",52.159629060781,0
"5M_1_1_chr19_54123562_54123563_NM_015629.3(PRPF31):c.527+3A|G_ENST00000452097.1_utr5_3_0_chr19_54122492_r_Mut_1",16.4808847822604,0
"5M_1_1_chr19_54123562_54123563_NM_015629.3(PRPF31):c.527+3A|G_ENST00000452097.1_utr5_3_0_chr19_54122492_r_Ref_1",45.2457517575662,0
"5M_1_1_chr19_54124656_54124657_NM_015629.3(PRPF31):c.855+1G|A_ENST00000452097.1_utr5_3_0_chr19_54122492_r_Ref_1",42.5954905807369,0
"5M_1_1_chr2_144517419_144517420_NM_014795.3(ZEB2):c.-69-1G|A_ENST00000558170.6_utr5_8_0_chr2_144517351_r_Mut_1",28.2009417662218,1
"5M_1_1_chr20_23049654_23049655_NM_000361.2(THBD):c.-151G|T_NM_000361.2_utr5_0_0_chr20_23049505_r_Mut_2",21.2310327223939,0
"5M_1_1_chr20_23049654_23049655_NM_000361.2(THBD):c.-151G|T_NM_000361.2_utr5_0_0_chr20_23049505_r_Ref_2",205.81713645615,0
"5M_1_1_chr20_2470761_2470762_NM_003091.3(SNRPB):c.-72C|A_NM_003091.3_utr5_6_0_chr20_2470691_r_Mut_1",56.629690251991,1
"5M_1_1_chr20_2470761_2470762_NM_003091.3(SNRPB):c.-72C|A_NM_003091.3_utr5_6_0_chr20_2470691_r_Ref_1",22.2019569140214,1
"5M_1_1_chr20_45893313_45893314_NM_000308.3(CTSA):c.746+3A|G_ENST00000607703.1_utr5_1_0_chr20_45893049_r_Mut_1",14.9665129244016,0
"5M_1_1_chr20_6122774_6122775_NM_017671.4(FERMT1):c.-20A|G_NM_017671.4_utr5_14_0_chr20_6122774_r_Ref_2",36.0460331515852,1
"5M_1_1_chr22_18078606_18078607_NM_017929.5(PEX26):c.230+1G|T_ENST00000607927.1_utr5_0_0_chr22_18077186_r_Mut_1",20.1464013839125,0
"5M_1_1_chr22_50526141_50526142_NM_001953.4(TYMP):c.1160_1300del_NM_001169110.1_utr5_1_0_chr22_50526001_r_Mut_1",20.6471271897086,0
"5M_1_1_chr3_169764650_169764651_NR_001566.1(TERC):n.410C|G_ENST00000602385.1_utr5_0_0_chr3_169764520_r_Mut_1",40.097395622077,0
"5M_1_1_chr3_169764650_169764651_NR_001566.1(TERC):n.410C|G_ENST00000602385.1_utr5_0_0_chr3_169764520_r_Ref_1",47.8318492309087,0
"5M_1_1_chr3_169764652_169764653_NR_001566.1(TERC):n.408C|G_ENST00000602385.1_utr5_0_0_chr3_169764520_r_Ref_1",163.293796389971,0
"5M_1_1_chr3_169764668_169764670_NR_001566.1(TERC):n.391_392delCC_ENST00000602385.1_utr5_0_0_chr3_169764520_r_Mut_1",111.711473988521,0
"5M_1_1_chr3_169764668_169764670_NR_001566.1(TERC):n.391_392delCC_ENST00000602385.1_utr5_0_0_chr3_169764520_r_Ref_1",169.336579229204,0
"5M_1_1_chr3_169764737_169764738_NR_001566.1(TERC):n.323C|T_ENST00000602385.1_utr5_0_0_chr3_169764520_r_Mut_1",15.4979135201219,0
"5M_1_1_chr3_169764737_169764738_NR_001566.1(TERC):n.323C|T_ENST00000602385.1_utr5_0_0_chr3_169764520_r_Ref_1",23.3365574672449,0
"5M_1_1_chr3_169764738_169764739_NR_001566.1(TERC):n.322G|A_ENST00000602385.1_utr5_0_0_chr3_169764520_r_Mut_1",47.6640736248174,0
"5M_1_1_chr3_169764738_169764739_NR_001566.1(TERC):n.322G|A_ENST00000602385.1_utr5_0_0_chr3_169764520_r_Ref_1",31.4217861084057,0
"5M_1_1_chr3_169764755_169764756_NR_001566.1(TERC):n.305G|A_ENST00000602385.1_utr5_0_0_chr3_169764520_r_Mut_1",20.5964873996452,0
"5M_1_1_chr3_169764755_169764756_NR_001566.1(TERC):n.305G|A_ENST00000602385.1_utr5_0_0_chr3_169764520_r_Ref_1",320.861030769517,0
"5M_1_1_chr3_169764831_169764845_NR_001566.1(TERC):n.216_229delGGCGGGTCGCCTGC_ENST00000602385.1_utr5_0_0_chr3_169764520_r_Ref_1",67.8338632029935,0
"5M_1_1_chr3_169764880_169764881_NR_001566.1(TERC):n.180C|T_ENST00000602385.1_utr5_0_0_chr3_169764520_r_Mut_1",48.516236014188,0
"5M_1_1_chr3_169764880_169764881_NR_001566.1(TERC):n.180C|T_ENST00000602385.1_utr5_0_0_chr3_169764520_r_Ref_1",54.9704060506414,0
"5M_1_1_chr3_169764882_169764883_NR_001566.1(TERC):n.178G|A_ENST00000602385.1_utr5_0_0_chr3_169764520_r_Mut_1",19.702983527926,0
"5M_1_1_chr3_169764917_169764918_NR_001566.1(TERC):n.143G|A_ENST00000602385.1_utr5_0_0_chr3_169764520_r_Mut_1",19.8781592775725,1
"5M_1_1_chr3_169764917_169764918_NR_001566.1(TERC):n.143G|A_ENST00000602385.1_utr5_0_0_chr3_169764520_r_Ref_1",70.7181173337971,1
"5M_1_1_chr3_169764937_169764952_NR_001566.1(TERC):n.109_123delTGACTTTCAGCGGGC_ENST00000602385.1_utr5_0_0_chr3_169764520_r_Mut_1",16.556606961701,1
"5M_1_1_chr3_169764937_169764952_NR_001566.1(TERC):n.109_123delTGACTTTCAGCGGGC_ENST00000602385.1_utr5_0_0_chr3_169764520_r_Ref_1",49.2332142403837,1
"5M_1_1_chr3_169764943_169764944_NR_001566.1(TERC):n.117A|C_ENST00000602385.1_utr5_0_0_chr3_169764520_r_Mut_1",117.760083489572,1
"5M_1_1_chr3_169764944_169764945_NR_001566.1(TERC):n.116C|T_ENST00000602385.1_utr5_0_0_chr3_169764520_r_Mut_1",25.9015828139406,1
"5M_1_1_chr3_169764944_169764945_NR_001566.1(TERC):n.116C|T_ENST00000602385.1_utr5_0_0_chr3_169764520_r_Ref_1",61.6959450426342,1
"5M_1_1_chr3_169764947_169764951_NR_001566.1(TERC):n.110_113delGACT_ENST00000602385.1_utr5_0_0_chr3_169764520_r_Mut_1",79.7384929507668,1
"5M_1_1_chr3_169764952_169764954_NR_001566.1(TERC):n.107_108delGCinsAG_ENST00000602385.1_utr5_0_0_chr3_169764520_r_Mut_1",30.5718365750532,1
"5M_1_1_chr3_169764960_169764961_NR_001566.1(TERC):n.100T|A_ENST00000602385.1_utr5_0_0_chr3_169764520_r_Ref_1",90.098446377884,1
"5M_1_1_chr3_169764962_169764963_NR_001566.1(TERC):n.98G|A_ENST00000602385.1_utr5_0_0_chr3_169764520_r_Mut_1",37.4291389597701,1
"5M_1_1_chr3_169764963_169764965_NR_001566.1(TERC):n.96_97delCT_ENST00000602385.1_utr5_0_0_chr3_169764520_r_Mut_1",53.5149781504262,1
"5M_1_1_chr3_169764963_169764965_NR_001566.1(TERC):n.96_97delCT_ENST00000602385.1_utr5_0_0_chr3_169764520_r_Ref_1",61.2901079729217,1
"5M_1_1_chr3_169764981_169764982_NR_001566.1(TERC):n.79delC_ENST00000602385.1_utr5_0_0_chr3_169764520_r_Ref_1",59.6534929833837,1
"5M_1_1_chr3_169764988_169764989_NR_001566.1(TERC):n.72C|G_ENST00000602385.1_utr5_0_0_chr3_169764520_r_Mut_1",51.1586182473647,1
"5M_1_1_chr3_169764988_169764989_NR_001566.1(TERC):n.72C|G_ENST00000602385.1_utr5_0_0_chr3_169764520_r_Ref_1",58.4700920913913,1
"5M_1_1_chr3_169765003_169765007_NR_001566.1(TERC):n.54_57delAACT_ENST00000602385.1_utr5_0_0_chr3_169764520_r_Mut_1",18.5690247965197,1
"5M_1_1_chr3_169765012_169765013_NR_001566.1(TERC):n.48A|G_ENST00000602385.1_utr5_0_0_chr3_169764520_r_Mut_1",37.6184340681178,1
"5M_1_1_chr3_169765012_169765013_NR_001566.1(TERC):n.48A|G_ENST00000602385.1_utr5_0_0_chr3_169764520_r_Ref_8",84.4067042252058,1
"5M_1_1_chr3_169765025_169765026_NR_001566.1(TERC):n.35C|T_ENST00000602385.1_utr5_0_0_chr3_169764520_r_Mut_1",45.4728350149716,1
"5M_1_1_chr3_169765026_169765033_NR_001566.1(TERC):n.28_34delGTGGTGG_ENST00000602385.1_utr5_0_0_chr3_169764520_r_Mut_1",44.8742193472653,1
"5M_1_1_chr3_169765026_169765033_NR_001566.1(TERC):n.28_34delGTGGTGG_ENST00000602385.1_utr5_0_0_chr3_169764520_r_Ref_1",35.5937697518298,1
"5M_1_1_chr3_169765058_169765059_NR_001566.1(TERC):n.2G|C_ENST00000602385.1_utr5_0_0_chr3_169764520_r_Mut_1",66.1371140817714,1
"5M_1_1_chr4_145642485_145642486_NM_172250.2(MMAA):c.562+1G|A_ENST00000504555.1_utr5_0_0_chr4_145642336_r_Mut_1",19.0579528199641,0
"5M_1_1_chr4_145642485_145642486_NM_172250.2(MMAA):c.562+1G|A_ENST00000504555.1_utr5_0_0_chr4_145642336_r_Ref_1",16.8319626770189,0
"5M_1_1_chr4_88523796_88523797_NM_001042616.2(PIGY):c.-540G|A_NM_001042616.2_utr5_1_0_chr4_88523498_r_Ref_1",259.341231165669,0
"5M_1_1_chr5_56859706_56859707_NM_005921.1(MAP3K1):c.634-8T|A_ENST00000415589.1_utr5_2_0_chr5_56859669_r_Mut_1",14.4274428567545,1
"5M_1_1_chr5_63962198_63962199_NM_000524.3(HTR1A):c.-480delA_NM_000524.3_utr5_0_0_chr5_63961720_r_Mut_1",19.4517490997712,0
"5M_1_1_chr7_107661636_107661637_NM_000441.1(SLC26A4):c.-3-2A|G_ENST00000449741.1_utr5_0_0_chr7_107661301_r_Mut_1",32.6704472620205,0
"5M_1_1_chr7_107661636_107661637_NM_000441.1(SLC26A4):c.-3-2A|G_ENST00000449741.1_utr5_0_0_chr7_107661301_r_Ref_1",74.938519440209,0
"5M_1_1_chr7_6008995_6008996_NM_000535.6(PMS2):c.23+1G|T_NM_001322005.1_utr5_14_0_chr7_6008807_r_Mut_1",46.0186983081229,0
"5M_1_1_chr7_6008995_6008996_NM_000535.6(PMS2):c.23+1G|T_NM_001322005.1_utr5_14_0_chr7_6008807_r_Ref_29",333.449860110245,0
"5M_1_1_chr8_22130604_22130605_NM_005144.4(HR):c.-218A|G_NM_005144.4_utr5_18_0_chr8_22130428_r_Ref_1",16.6666098807818,0
"5M_1_1_chr8_22130635_22130636_NM_005144.4(HR):c.-249C|G_NM_005144.4_utr5_18_0_chr8_22130428_r_Ref_1",25.8009576129342,0
"5M_1_1_chr8_22130701_22130702_NM_005144.4(HR):c.-315C|T_NM_005144.4_utr5_18_0_chr8_22130428_r_Ref_1",102.031881314265,0
"5M_1_1_chr9_127854481_127854482_NM_000118.3(ENG):c.-127C|T_NM_000118.3_utr5_13_0_chr9_127854356_r_Mut_2",61.9164250576024,0
"5M_1_1_chr9_127854481_127854482_NM_000118.3(ENG):c.-127C|T_NM_000118.3_utr5_13_0_chr9_127854356_r_Ref_2",231.904856212175,0
"5M_1_1_chr9_21971208_21971209_NM_000077.4(CDKN2A):c.151-1G|C_ENST00000578845.2_utr5_1_0_chr9_21971206_r_Mut_1",40.0787682950262,0
"5M_1_1_chr9_21971208_21971209_NM_000077.4(CDKN2A):c.151-1G|C_ENST00000578845.2_utr5_1_0_chr9_21971206_r_Ref_5",12.6888780132852,0
"5M_1_1_chr9_21971208_21971209_NM_000077.4(CDKN2A):c.151-1G|T_ENST00000578845.2_utr5_1_0_chr9_21971206_r_Mut_1",27.2436164009626,0
"5M_1_1_chr9_34637545_34637546_NM_005866.3(SIGMAR1):c.151+1G|T_ENST00000378892.5_utr5_2_0_chr9_34637305_r_Mut_1",203.486812850219,0
"5M_1_1_chr9_34637545_34637546_NM_005866.3(SIGMAR1):c.151+1G|T_ENST00000378892.5_utr5_2_0_chr9_34637305_r_Ref_1",198.887971707035,0
"5M_1_1_chr9_35657755_35657756_NR_003051.3(RMRP):n.263G|T_ENST00000602361.1_utr5_0_0_chr9_35657751_r_Mut_1",79.1808077513942,0
"5M_1_1_chr9_35657755_35657756_NR_003051.3(RMRP):n.263G|T_ENST00000602361.1_utr5_0_0_chr9_35657751_r_Ref_4",26.7537931238284,0
"5M_1_1_chr9_35657803_35657804_NR_003051.3(RMRP):n.215A|C_ENST00000602361.1_utr5_0_0_chr9_35657751_r_Mut_1",45.5710193559491,0
"5M_1_1_chr9_35657871_35657872_NR_003051.3(RMRP):r.147G|A_ENST00000602361.1_utr5_0_0_chr9_35657751_r_Mut_1",40.5006541581061,0
"5M_1_1_chr9_35657871_35657872_NR_003051.3(RMRP):r.147G|A_ENST00000602361.1_utr5_0_0_chr9_35657751_r_Ref_1",134.026350929542,0
"5M_1_1_chr9_35657926_35657928_NR_003051.3(RMRP):n.91_92delAGinsGC_ENST00000602361.1_utr5_0_0_chr9_35657751_r_Mut_1",38.3349212738216,0
"5M_1_1_chr9_35657926_35657928_NR_003051.3(RMRP):n.91_92delAGinsGC_ENST00000602361.1_utr5_0_0_chr9_35657751_r_Ref_1",28.7243556379072,0
"5M_1_1_chr9_35657954_35657955_NR_003051.3(RMRP):n.64C|T_ENST00000602361.1_utr5_0_0_chr9_35657751_r_Mut_1",17.3712112080792,0
"5M_1_1_chr9_70810047_70810048_NR_029621.1(MIR204):n.37C|T_ENST00000385200.3_utr5_0_0_chr9_70809975_r_Mut_1",46.0789767950393,0
"5M_1_1_chr9_70810047_70810048_NR_029621.1(MIR204):n.37C|T_ENST00000385200.3_utr5_0_0_chr9_70809975_r_Ref_1",62.5640833539612,0
"5M_1_2_chr1_109628497_109628498_NM_004037.7(AMPD2):c.1569+3A|G_ENST00000369843.3_utr5_0_0_chr1_109628417_r_Mut_1",17.3140940941443,0
"5M_1_2_chr1_109628497_109628498_NM_004037.7(AMPD2):c.1569+3A|G_ENST00000369843.3_utr5_0_0_chr1_109628417_r_Ref_1",163.621785114812,0
"5M_1_2_chr1_114716689_114716690_NM_002524.4(NRAS):c.-50A|G_NM_002524.4_utr5_6_0_chr1_114716658_r_Mut_1",57.9188916309,1
"5M_1_2_chr1_114716689_114716690_NM_002524.4(NRAS):c.-50A|G_NM_002524.4_utr5_6_0_chr1_114716658_r_Ref_1",28.0656346204225,1
"5M_1_2_chr1_115768561_115768562_NM_001232.3(CASQ2):c.-21G|A_NM_001232.3_utr5_10_0_chr1_115768542_r_Mut_1",58.6869060348146,0
"5M_1_2_chr1_115768561_115768562_NM_001232.3(CASQ2):c.-21G|A_NM_001232.3_utr5_10_0_chr1_115768542_r_Ref_1",46.3486927062747,0
"5M_1_2_chr1_160070063_160070064_NM_002241.4(KCNJ10):c.-43G|A_NM_002241.4_utr5_1_0_chr1_160070022_r_Mut_1",19.4040117087238,0
"5M_1_2_chr1_160070063_160070064_NM_002241.4(KCNJ10):c.-43G|A_NM_002241.4_utr5_1_0_chr1_160070022_r_Ref_1",32.26504191385,0
"5M_1_2_chr1_169485777_169485778_NM_006996.2(SLC19A2):c.-12C|G_NM_006996.2_utr5_5_0_chr1_169485767_r_Ref_2",26.5612642255815,0
"5M_1_2_chr1_197146445_197146446_NM_018136.4(ASPM):c.-9G|T_NM_018136.4_utr5_27_0_chr1_197146438_r_Mut_1",40.4758297381283,0
"5M_1_2_chr1_197146445_197146446_NM_018136.4(ASPM):c.-9G|T_NM_018136.4_utr5_27_0_chr1_197146438_r_Ref_3",19.1253580466505,0
"5M_1_2_chr1_197146464_197146465_NM_018136.4(ASPM):c.-28G|A_NM_018136.4_utr5_27_0_chr1_197146438_r_Mut_1",42.2469591680888,0
"5M_1_2_chr1_197146546_197146547_NM_018136.4(ASPM):c.-110C|T_NM_018136.4_utr5_27_0_chr1_197146438_r_Mut_1",14.4961125720746,0
"5M_1_2_chr1_197146546_197146547_NM_018136.4(ASPM):c.-110C|T_NM_018136.4_utr5_27_0_chr1_197146438_r_Ref_1",14.7483249712154,0
"5M_1_2_chr1_45340380_45340381_NM_001128425.1(MUTYH):c.-127C|T_NM_001293192.1_utr5_15_0_chr1_45340219_r_Mut_1",49.2679347731942,0
"5M_1_2_chr1_45340380_45340381_NM_001128425.1(MUTYH):c.-127C|T_NM_001293192.1_utr5_15_0_chr1_45340219_r_Ref_1",17.8552096255962,0
"5M_1_2_chr10_125823220_125823221_NM_000375.2(UROS):c.-219C|A_NM_001324036.1_utr5_10_0_chr10_125823029_r_Mut_1",68.8554928075357,0
"5M_1_2_chr10_27100444_27100445_NM_014915.2(ANKRD26):c.-119C|G_NM_014915.2_utr5_33_0_chr10_27100327_r_Mut_1",65.8358866080224,0
"5M_1_2_chr10_73252489_73252490_NM_016065.3(MRPS16):c.-8G|C_NM_016065.3_utr5_2_0_chr10_73252483_r_Mut_1",36.593879749276,1
"5M_1_2_chr10_73252489_73252490_NM_016065.3(MRPS16):c.-8G|C_NM_016065.3_utr5_2_0_chr10_73252483_r_Ref_1",66.304299895975,1
"5M_1_2_chr10_78029509_78029510_NM_007055.3(POLR3A):c.-103T|A_NM_007055.3_utr5_30_0_chr10_78029408_r_Mut_1",78.6721218679506,0
"5M_1_2_chr10_78029509_78029510_NM_007055.3(POLR3A):c.-103T|A_NM_007055.3_utr5_30_0_chr10_78029408_r_Ref_1",87.4943153375576,0
"5M_1_2_chr10_87094812_87094813_NM_005271.4(GLUD1):c.-44C|T_NM_001318905.1_utr5_15_0_chr10_87094325_r_Mut_1",86.837435655692,0
"5M_1_2_chr10_87094812_87094813_NM_005271.4(GLUD1):c.-44C|T_NM_001318905.1_utr5_15_0_chr10_87094325_r_Ref_1",101.321393957295,0
"5M_1_2_chr10_87863273_87863285_NM_000314.6(PTEN):c.-1195_-1184delAAGCCGCAGCAA_NM_001126049.1_utr5_0_0_chr10_87862488_r_Ref_1",30.4200887252089,0
"5M_1_2_chr10_87863326_87863327_NM_000314.6(PTEN):c.-1142C|T_NM_001126049.1_utr5_0_0_chr10_87862488_r_Mut_1",46.068369501633,0
"5M_1_2_chr10_87863326_87863327_NM_000314.6(PTEN):c.-1142C|T_NM_001126049.1_utr5_0_0_chr10_87862488_r_Ref_2",43.0251025386114,0
"5M_1_2_chr10_87863384_87863385_NM_000314.6(PTEN):c.-1084C|T_NM_001126049.1_utr5_0_0_chr10_87862488_r_Mut_1",72.7246452948372,0
"5M_1_2_chr10_87863384_87863385_NM_000314.6(PTEN):c.-1084C|T_NM_001126049.1_utr5_0_0_chr10_87862488_r_Ref_14",25.3345028123669,0
"5M_1_2_chr10_90921043_90921044_NM_014391.2(ANKRD1):c.-17A|G_NM_014391.2_utr5_8_0_chr10_90921028_r_Mut_1",15.961993113496,0
"5M_1_2_chr10_90921043_90921044_NM_014391.2(ANKRD1):c.-17A|G_NM_014391.2_utr5_8_0_chr10_90921028_r_Ref_2",18.738768425163,0
"5M_1_2_chr10_90921060_90921061_NM_014391.2(ANKRD1):c.-34C|T_NM_014391.2_utr5_8_0_chr10_90921028_r_Mut_1",31.6761722366893,0
"5M_1_2_chr10_95656586_95656587_NM_002860.3(ALDH18A1):c.-29+10G|A_NM_001323413.1_utr5_17_0_chr10_95656446_r_Mut_1",36.4932187829445,0
"5M_1_2_chr10_95656586_95656587_NM_002860.3(ALDH18A1):c.-29+10G|A_NM_001323413.1_utr5_17_0_chr10_95656446_r_Ref_1",369.208725187636,0
"5M_1_2_chr11_118152687_118152688_NM_174934.3(SCN4B):c.-15G|A_NM_174934.3_utr5_4_0_chr11_118152674_r_Mut_1",47.7856502219665,0
"5M_1_2_chr11_123653809_123653810_NM_018400.3(SCN3B):c.-9C|T_NM_018400.3_utr5_5_0_chr11_123653802_r_Mut_1",19.2669229770928,0
"5M_1_2_chr11_123653809_123653810_NM_018400.3(SCN3B):c.-9C|T_NM_018400.3_utr5_5_0_chr11_123653802_r_Ref_2",26.6844315880759,0
"5M_1_2_chr11_17388244_17388245_NM_000525.3(KCNJ11):c.-154G|T_NM_000525.3_utr5_0_0_chr11_17388092_r_Ref_1",32.6608428775917,0
"5M_1_2_chr11_17388588_17388589_NM_000525.3(KCNJ11):c.-498T|C_NM_000525.3_utr5_0_0_chr11_17388092_r_Ref_1",76.2538072619798,1
"5M_1_2_chr11_17388649_17388650_NM_000525.3(KCNJ11):c.-559G|C_NM_000525.3_utr5_0_0_chr11_17388092_r_Mut_1",83.0272279795318,1
"5M_1_2_chr11_17388649_17388650_NM_000525.3(KCNJ11):c.-559G|C_NM_000525.3_utr5_0_0_chr11_17388092_r_Ref_3",47.1485892900591,1
"5M_1_2_chr11_1763882_1763883_NM_001909.4(CTSD):c.-24C|T_NM_001909.4_utr5_8_0_chr11_1763860_r_Mut_1",18.630667676927,0
"5M_1_2_chr11_1763882_1763883_NM_001909.4(CTSD):c.-24C|T_NM_001909.4_utr5_8_0_chr11_1763860_r_Ref_5",48.3649587141436,0
"5M_1_2_chr11_1763895_1763896_NM_001909.4(CTSD):c.-37G|A_NM_001909.4_utr5_8_0_chr11_1763860_r_Mut_1",49.2436778669355,0
"5M_1_2_chr12_114684071_114684075_NM_005996.3(TBX3):c.-875_-872dupTCTC_NM_016569.3_utr5_7_0_chr12_114683201_r_Ref_1",29.4823713964235,1
"5M_1_2_chr12_123707757_123707758_NM_024809.4(TCTN2):c.*45G|A_ENST00000538837.1_utr5_0_0_chr12_123707602_r_Mut_1",185.458482281205,1
"5M_1_2_chr12_123707757_123707758_NM_024809.4(TCTN2):c.*45G|A_ENST00000538837.1_utr5_0_0_chr12_123707602_r_Ref_1",42.9657290086908,1
"5M_1_2_chr12_132687320_132687321_NM_006231.3(POLE):c.-6G|A_NM_006231.3_utr5_48_0_chr12_132687316_r_Mut_1",28.4025584348978,0
"5M_1_2_chr12_132687320_132687321_NM_006231.3(POLE):c.-6G|A_NM_006231.3_utr5_48_0_chr12_132687316_r_Ref_6",72.1518548934062,0
"5M_1_2_chr12_2668924_2668925_NM_000719.6(CACNA1C):c.4624-8G|A_ENST00000545526.1_utr5_0_0_chr12_2668500_r_Mut_1",348.731814036714,0
"5M_1_2_chr12_49186839_49186840_NM_006009.3(TUBA1A):c.4-7C|T_ENST00000550767.5_utr5_2_0_chr12_49186732_r_Mut_1",29.4175071966666,1
"5M_1_2_chr12_49186839_49186840_NM_006009.3(TUBA1A):c.4-7C|T_ENST00000550767.5_utr5_2_0_chr12_49186732_r_Ref_2",47.370099555341,1
"5M_1_2_chr12_6341887_6341888_NM_001065.3(TNFRSF1A):c.-74G|A_NM_001065.3_utr5_9_0_chr12_6341815_r_Mut_1",28.7721542396907,0
"5M_1_2_chr12_6341887_6341888_NM_001065.3(TNFRSF1A):c.-74G|A_NM_001065.3_utr5_9_0_chr12_6341815_r_Ref_1",33.2115470752117,0
"5M_1_2_chr12_6341909_6341910_NM_001065.3(TNFRSF1A):c.-96C|T_NM_001065.3_utr5_9_0_chr12_6341815_r_Mut_1",73.982109106291,0
"5M_1_2_chr12_6341909_6341910_NM_001065.3(TNFRSF1A):c.-96C|T_NM_001065.3_utr5_9_0_chr12_6341815_r_Ref_1",56.9583879781297,0
"5M_1_2_chr12_6342046_6342047_NM_001065.3(TNFRSF1A):c.-233C|T_NM_001065.3_utr5_9_0_chr12_6341815_r_Mut_1",42.9036023649689,1
"5M_1_2_chr12_6342046_6342047_NM_001065.3(TNFRSF1A):c.-233C|T_NM_001065.3_utr5_9_0_chr12_6341815_r_Ref_1",81.9833586031067,1
"5M_1_2_chr12_88141912_88141913_NM_025114.3(CEP290):c.-41C|T_NM_025114.3_utr5_53_0_chr12_88141900_r_Mut_1",40.7167601160901,0
"5M_1_2_chr12_88141912_88141913_NM_025114.3(CEP290):c.-41C|T_NM_025114.3_utr5_53_0_chr12_88141900_r_Ref_3",218.914999882949,0
"5M_1_2_chr13_52011455_52011460_NM_000053.3(ATP7B):c.-123_-119dupCGCCG_NM_000053.3_utr5_20_0_chr13_52011338_r_Mut_1",27.4207870498199,1
"5M_1_2_chr13_52011455_52011460_NM_000053.3(ATP7B):c.-123_-119dupCGCCG_NM_000053.3_utr5_20_0_chr13_52011338_r_Ref_1",15.8196207826267,1
"5M_1_2_chr14_77320724_77320728_NM_013382.5(POMT2):c.-47_-44delGACA_NM_013382.5_utr5_20_0_chr14_77320682_r_Mut_1",36.1355169005664,0
"5M_1_2_chr14_77320724_77320728_NM_013382.5(POMT2):c.-47_-44delGACA_NM_013382.5_utr5_20_0_chr14_77320682_r_Ref_1",52.5584244627602,0
"5M_1_2_chr15_66489771_66489772_NM_002755.3(MAP2K1):c.1068+9A|G_ENST00000565387.2_utr5_0_0_chr15_66488658_r_Mut_1",36.0456342572643,1
"5M_1_2_chr15_66489771_66489772_NM_002755.3(MAP2K1):c.1068+9A|G_ENST00000565387.2_utr5_0_0_chr15_66488658_r_Ref_1",71.784477806518,1
"5M_1_2_chr16_10181891_10181892_NM_000833.4(GRIN2A):c.-34C|G_NM_001134407.2_utr5_12_0_chr16_10181877_r_Mut_1",22.486759474578,0
"5M_1_2_chr16_10181891_10181892_NM_000833.4(GRIN2A):c.-34C|G_NM_001134407.2_utr5_12_0_chr16_10181877_r_Ref_1",16.3697533416721,0
"5M_1_2_chr16_13932150_13932151_NM_005236.2(ERCC4):c.974-6T|C_ENST00000575137.1_utr5_0_0_chr16_13930677_r_Mut_1",24.8273367534303,1
"5M_1_2_chr16_13932150_13932151_NM_005236.2(ERCC4):c.974-6T|C_ENST00000575137.1_utr5_0_0_chr16_13930677_r_Ref_1",11.8840081469007,1
"5M_1_2_chr16_23641161_23641162_NM_024675.3(PALB2):c.-5G|T_NM_024675.3_utr5_12_0_chr16_23641158_r_Mut_1",117.284713102936,0
"5M_1_2_chr16_23641161_23641162_NM_024675.3(PALB2):c.-5G|T_NM_024675.3_utr5_12_0_chr16_23641158_r_Ref_2",77.1421857286929,0
"5M_1_2_chr16_30987003_30987004_NM_025193.3(HSD3B7):c.694+2del_ENST00000624286.1_utr5_0_0_chr16_30984630_r_Mut_1",20.2007076292771,0
"5M_1_2_chr16_30987003_30987004_NM_025193.3(HSD3B7):c.694+2del_ENST00000624286.1_utr5_0_0_chr16_30984630_r_Ref_1",39.9191929849506,0
"5M_1_2_chr16_68823394_68823395_NM_004360.4(CDH1):c.1937-4C|G_ENST00000563916.1_utr5_2_0_chr16_68823264_r_Mut_1",17.200980996215,1
"5M_1_2_chr16_68823394_68823395_NM_004360.4(CDH1):c.1937-4C|G_ENST00000563916.1_utr5_2_0_chr16_68823264_r_Ref_1",56.0269733344895,1
"5M_1_2_chr16_8847834_8847835_NM_000303.2(PMM2):c.*10G|A_ENST00000567942.1_utr5_0_0_chr16_8847650_r_Mut_1",94.0532296300145,0
"5M_1_2_chr16_8847841_8847842_NM_000303.2(PMM2):c.*17G|A_ENST00000567942.1_utr5_0_0_chr16_8847650_r_Mut_1",18.7863057436554,0
"5M_1_2_chr17_31095370_31095371_NM_001042492.2(NF1):c.60+2delT_ENST00000583377.1_utr5_2_0_chr17_31095227_r_Mut_1",28.0963762914107,0
"5M_1_2_chr17_31095370_31095371_NM_001042492.2(NF1):c.60+2delT_ENST00000583377.1_utr5_2_0_chr17_31095227_r_Ref_1",31.9979518335977,0
"5M_1_2_chr17_3658003_3658004_NM_004937.2(CTNS):c.682-1G|A_ENST00000575741.1_utr5_2_0_chr17_3657627_r_Mut_1",29.0318317862339,0
"5M_1_2_chr17_3658003_3658004_NM_004937.2(CTNS):c.682-1G|A_ENST00000575741.1_utr5_2_0_chr17_3657627_r_Ref_1",16.5952458983256,0
"5M_1_2_chr17_43125259_43125260_NM_007294.3(BRCA1):c.-20+11C|T_ENST00000586385.5_utr5_7_0_chr17_43125186_r_Mut_1",51.0545505511698,0
"5M_1_2_chr17_43125259_43125260_NM_007294.3(BRCA1):c.-20+11C|T_ENST00000586385.5_utr5_7_0_chr17_43125186_r_Ref_1",191.313180308047,0
"5M_1_2_chr17_43125336_43125337_NM_007294.3(BRCA1):c.-86C|T_NM_007300.3_utr5_23_0_chr17_43125271_r_Mut_1",66.1133999933741,1
"5M_1_2_chr17_43125336_43125337_NM_007294.3(BRCA1):c.-86C|T_NM_007300.3_utr5_23_0_chr17_43125271_r_Ref_1",36.3199185076168,1
"5M_1_2_chr17_6435120_6435121_NM_014336.4(AIPL1):c.-17C|A_NM_001285402.1_utr5_5_0_chr17_6434951_r_Mut_1",42.4939654243842,0
"5M_1_2_chr17_7219948_7219949_NM_000018.3(ACADVL):c.-36A|G_NM_001365.4_utr5_21_0_chr17_7218850_r_Mut_1",46.9343469435621,0
"5M_1_2_chr17_7219948_7219949_NM_000018.3(ACADVL):c.-36A|G_NM_001365.4_utr5_21_0_chr17_7218850_r_Ref_1",21.3220490741866,0
"5M_1_2_chr17_7675236_7675237_NM_000546.5(TP53):c.376-1G|A_NM_001276698.1_utr5_7_0_chr17_7675135_r_Mut_1",183.911190012907,0
"5M_1_2_chr17_7675236_7675237_NM_000546.5(TP53):c.376-1G|A_NM_001276698.1_utr5_7_0_chr17_7675135_r_Ref_1",43.983350211503,0
"5M_1_2_chr17_7675237_7675238_NM_000546.5(TP53):c.376-2A|G_NM_001276698.1_utr5_7_0_chr17_7675135_r_Mut_1",19.5066742956187,0
"5M_1_2_chr17_7675237_7675238_NM_000546.5(TP53):c.376-2A|G_NM_001276698.1_utr5_7_0_chr17_7675135_r_Ref_3",159.237572469378,0
"5M_1_2_chr17_7675237_7675238_NM_000546.5(TP53):c.376-2A|T_NM_001276698.1_utr5_7_0_chr17_7675135_r_Mut_1",31.4368102997899,0
"5M_1_2_chr17_7676404_7676405_NM_000546.5(TP53):c.75-2A|G_NM_001126118.1_utr5_8_0_chr17_7676382_r_Mut_1",20.1809836281302,0
"5M_1_2_chr17_8118293_8118294_NM_021628.2(ALOXE3):c.-304G|T_NM_021628.2_utr5_14_0_chr17_8117991_r_Mut_1",29.3888564552532,0
"5M_1_2_chr17_8118293_8118294_NM_021628.2(ALOXE3):c.-304G|T_NM_021628.2_utr5_14_0_chr17_8117991_r_Ref_4",76.9484744349262,0
"5M_1_2_chr18_23586374_23586375_NM_000271.4(NPC1):c.-32C|T_NM_000271.4_utr5_24_0_chr18_23586344_r_Mut_1",56.6120756082319,0
"5M_1_2_chr18_23586374_23586375_NM_000271.4(NPC1):c.-32C|T_NM_000271.4_utr5_24_0_chr18_23586344_r_Ref_4",38.2247347825252,0
"5M_1_2_chr19_29714943_29714944_NM_001031726.3(C19orf12):c.-15T|C_NM_001282929.1_utr5_1_0_chr19_29714907_r_Mut_1",97.273967657884,0
"5M_1_2_chr19_29714943_29714944_NM_001031726.3(C19orf12):c.-15T|C_NM_001282929.1_utr5_1_0_chr19_29714907_r_Ref_2",40.0017702130116,0
"5M_1_2_chr19_43527221_43527222_NM_014297.4(ETHE1):c.-45G|A_NM_001320868.1_utr5_5_0_chr19_43527097_r_Mut_1",25.8604192977573,0
"5M_1_2_chr19_43527221_43527222_NM_014297.4(ETHE1):c.-45G|A_NM_001320868.1_utr5_5_0_chr19_43527097_r_Ref_5",77.4803507151465,0
"5M_1_2_chr19_43527223_43527224_NM_014297.4(ETHE1):c.-47C|T_NM_001320868.1_utr5_5_0_chr19_43527097_r_Mut_1",121.945180971037,0
"5M_1_2_chr2_21044059_21044060_NM_000384.2(APOB):c.-115C|G_NM_000384.2_utr5_28_0_chr2_21043946_r_Ref_2",62.3508900643607,0
"5M_1_2_chr2_26244596_26244597_NM_000182.4(HADHA):c.-1G|T_NM_000182.4_utr5_19_0_chr2_26244597_r_Mut_1",65.4071906862638,1
"5M_1_2_chr2_26244596_26244597_NM_000182.4(HADHA):c.-1G|T_NM_000182.4_utr5_19_0_chr2_26244597_r_Ref_2",130.28199027433,1
"5M_1_2_chr2_29223538_29223539_NM_004304.4(ALK):c.3173-11C|T_ENST00000642122.1_utr5_9_0_chr2_29223497_r_Mut_1",18.7789381287358,0
"5M_1_2_chr2_29223538_29223539_NM_004304.4(ALK):c.3173-11C|T_ENST00000642122.1_utr5_9_0_chr2_29223497_r_Ref_2",82.8461212303238,0
"5M_1_2_chr2_51028306_51028307_NM_001135659.2(NRXN1):c.-34C|A_NM_001135659.1_utr5_22_0_chr2_51028274_r_Mut_1",51.5430745786913,1
"5M_1_2_chr2_51028306_51028307_NM_001135659.2(NRXN1):c.-34C|A_NM_001135659.1_utr5_22_0_chr2_51028274_r_Ref_1",131.806097719567,1
"5M_1_2_chr2_73958142_73958143_NM_080916.2(DGUOK):c.708-3T|C_ENST00000439192.1_utr5_0_0_chr2_73957970_r_Mut_1",16.3392393337343,1
"5M_1_2_chr2_73958142_73958143_NM_080916.2(DGUOK):c.708-3T|C_ENST00000439192.1_utr5_0_0_chr2_73957970_r_Ref_1",18.2180892785006,1
"5M_1_2_chr2_84459307_84459308_NM_003849.3(SUCLG1):c.-39C|G_NM_003849.3_utr5_8_0_chr2_84459270_r_Mut_1",84.1480206187026,0
"5M_1_2_chr2_84459307_84459308_NM_003849.3(SUCLG1):c.-39C|G_NM_003849.3_utr5_8_0_chr2_84459270_r_Ref_2",23.1497555665736,0
"5M_1_2_chr21_32306743_32306744_NM_178817.3(MRAP):c.206+5G|T_ENST00000450936.1_utr5_0_0_chr21_32306464_r_Mut_1",21.6719287724992,0
"5M_1_2_chr21_32306743_32306744_NM_178817.3(MRAP):c.206+5G|T_ENST00000450936.1_utr5_0_0_chr21_32306464_r_Ref_1",44.7531724547627,0
"5M_1_2_chr21_36946150_36946151_NM_000411.6(HLCS):c.-254C|T_NM_001242785.1_utr5_9_0_chr21_36946009_r_Mut_1",49.4159618437262,1
"5M_1_2_chr21_36946150_36946151_NM_000411.6(HLCS):c.-254C|T_NM_001242785.1_utr5_9_0_chr21_36946009_r_Ref_2",32.1464772115241,1
"5M_1_2_chr21_36962150_36962151_NM_000411.6(HLCS):c.-373A|T_NM_001242784.1_utr5_10_0_chr21_36962036_r_Mut_1",48.0952106407419,1
"5M_1_2_chr21_36962150_36962151_NM_000411.6(HLCS):c.-373A|T_NM_001242784.1_utr5_10_0_chr21_36962036_r_Ref_2",19.0580964013336,1
"5M_1_2_chr21_43776310_43776311_NM_000100.3(CSTB):c.-42C|T_NM_000100.3_utr5_2_0_chr21_43776270_r_Ref_4",336.199650490158,0
"5M_1_2_chr22_28734726_28734727_NM_007194.3(CHEK2):c.-6G|A_NM_001257387.1_utr5_14_0_chr22_28734403_r_Mut_1",22.1980807111479,0
"5M_1_2_chr22_28734726_28734727_NM_007194.3(CHEK2):c.-6G|A_NM_001257387.1_utr5_14_0_chr22_28734403_r_Ref_26",124.289210288174,0
"5M_1_2_chr22_50526124_50526125_NM_001169109.1(SCO2):c.-14+121C|T_NM_001169110.1_utr5_1_0_chr22_50526001_r_Mut_1",61.7356046093162,0
"5M_1_2_chr22_50582799_50582800_NM_005198.4(CHKB):c.-19G|T_NM_005198.4_utr5_10_0_chr22_50582782_r_Mut_1",17.0746741607142,0
"5M_1_2_chr3_12663989_12663990_NM_002880.3(RAF1):c.-204G|C_NM_002880.3_utr5_16_0_chr3_12663813_r_Mut_1",40.8370576245466,1
"5M_1_2_chr3_12663989_12663990_NM_002880.3(RAF1):c.-204G|C_NM_002880.3_utr5_16_0_chr3_12663813_r_Ref_1",139.407299484982,1
"5M_1_2_chr3_12664052_12664053_NM_002880.3(RAF1):c.-267G|A_NM_002880.3_utr5_16_0_chr3_12663813_r_Mut_1",97.136561876099,1
"5M_1_2_chr3_12664121_12664123_NM_002880.3(RAF1):c.-337_-336delAG_NM_002880.3_utr5_16_0_chr3_12663813_r_Mut_1",8.75558771094599,0
"5M_1_2_chr3_12664121_12664123_NM_002880.3(RAF1):c.-337_-336delAG_NM_002880.3_utr5_16_0_chr3_12663813_r_Ref_1",79.8971614760563,0
"5M_1_2_chr3_169764610_169764611_NR_001566.1(TERC):n.450G|A_ENST00000602385.1_utr5_0_0_chr3_169764520_r_Mut_1",20.49994031044,0
"5M_1_2_chr3_169764610_169764611_NR_001566.1(TERC):n.450G|A_ENST00000602385.1_utr5_0_0_chr3_169764520_r_Ref_1",63.4243413120611,0
"5M_1_2_chr3_169764617_169764618_NR_001566.1(TERC):n.443C|A_ENST00000602385.1_utr5_0_0_chr3_169764520_r_Mut_1",68.9307574393207,0
"5M_1_2_chr3_169764679_169764680_NR_001566.1(TERC):n.381G|A_ENST00000602385.1_utr5_0_0_chr3_169764520_r_Mut_1",20.265660741099,0
"5M_1_2_chr3_169764679_169764680_NR_001566.1(TERC):n.381G|A_ENST00000602385.1_utr5_0_0_chr3_169764520_r_Ref_1",163.235072760532,0
"5M_1_2_chr3_169764754_169764755_NR_001566.1(TERC):n.306T|G_ENST00000602385.1_utr5_0_0_chr3_169764520_r_Ref_1",108.340685836099,0
"5M_1_2_chr3_169765002_169765003_NR_001566.1(TERC):n.58G|A_ENST00000602385.1_utr5_0_0_chr3_169764520_r_Mut_1",36.4794292038194,1
"5M_1_2_chr3_169765023_169765024_NR_001566.1(TERC):n.37A|G_ENST00000602385.1_utr5_0_0_chr3_169764520_r_Mut_1",35.9394077661712,1
"5M_1_2_chr3_180989630_180989631_NM_145261.3(DNAJC19):c.-29G|T_NM_145261.3_utr5_5_0_chr3_180989603_r_Mut_1",384.116319047195,0
"5M_1_2_chr3_48898805_48898806_NM_000387.5(SLC25A20):c.-12G|A_NM_000387.5_utr5_8_0_chr3_48898795_r_Ref_3",43.5459156894459,0
"5M_1_2_chr3_49422504_49422505_NM_000481.3(AMT):c.-55C|T_NM_000481.3_utr5_8_0_chr3_49422451_r_Mut_2",111.143632386473,0
"5M_1_2_chr3_49422504_49422505_NM_000481.3(AMT):c.-55C|T_NM_000481.3_utr5_8_0_chr3_49422451_r_Ref_3",130.664551792869,0
"5M_1_2_chr4_112646955_112646956_NM_015454.2(LARP7):c.552+1G|T_ENST00000510655.1_utr5_0_0_chr4_112646476_r_Mut_1",18.4743557793673,1
"5M_1_2_chr4_112646955_112646956_NM_015454.2(LARP7):c.552+1G|T_ENST00000510655.1_utr5_0_0_chr4_112646476_r_Ref_1",29.8895132918233,1
"5M_1_2_chr4_55364273_55364274_NM_024592.4(SRD5A3):c.562+3delG_ENST00000433175.6_utr5_0_0_chr4_55363971_r_Mut_1",10.2754278672958,0
"5M_1_2_chr4_55364273_55364274_NM_024592.4(SRD5A3):c.562+3delG_ENST00000433175.6_utr5_0_0_chr4_55363971_r_Ref_1",182.467811938849,0
"5M_1_2_chr4_655938_655939_NM_000283.3(PDE6B):c.993-1G|C_ENST00000468356.3_utr5_3_0_chr4_655082_r_Mut_1",36.3702184393229,0
"5M_1_2_chr4_655938_655939_NM_000283.3(PDE6B):c.993-1G|C_ENST00000468356.3_utr5_3_0_chr4_655082_r_Ref_1",31.9043095232976,0
"5M_1_2_chr5_126595226_126595227_NM_001182.4(ALDH7A1):c.-29T|C_NM_001201377.1_utr5_17_0_chr5_126595115_r_Mut_1",18.3055746185209,0
"5M_1_2_chr5_126595226_126595227_NM_001182.4(ALDH7A1):c.-29T|C_NM_001201377.1_utr5_17_0_chr5_126595115_r_Ref_1",208.771385619789,0
"5M_1_2_chr5_132638216_132638228_NM_005732.3(RAD50):c.3612_3618+5delACAAAAGGCAGG_ENST00000435042.1_utr5_0_0_chr5_132638076_r_Mut_1",20.2137635406655,0
"5M_1_2_chr5_132638216_132638228_NM_005732.3(RAD50):c.3612_3618+5delACAAAAGGCAGG_ENST00000435042.1_utr5_0_0_chr5_132638076_r_Ref_1",11.7308960384,0
"5M_1_2_chr5_132638223_132638224_NM_005732.3(RAD50):c.3618+1G|A_ENST00000435042.1_utr5_0_0_chr5_132638076_r_Mut_1",43.5305063481312,0
"5M_1_2_chr5_132638223_132638224_NM_005732.3(RAD50):c.3618+1G|A_ENST00000435042.1_utr5_0_0_chr5_132638076_r_Ref_6",41.6919146944162,0
"5M_1_2_chr5_88823829_88823830_NM_002397.4(MEF2C):c.-42T|C_NM_002397.4_utr5_9_0_chr5_88823789_r_Mut_1",14.7483135458957,1
"5M_1_2_chr5_88823829_88823830_NM_002397.4(MEF2C):c.-42T|C_NM_002397.4_utr5_9_0_chr5_88823789_r_Ref_2",11.8466695787546,1
"5M_1_2_chr5_88883308_88883322_NM_001131005.2(MEF2C):c.-143+4180_-143+4193del_NM_002397.4_utr5_10_0_chr5_88882955_r_Mut_1",12.2777364313164,0
"5M_1_2_chr6_152628379_152628380_NM_033071.3(SYNE1):c.-49C|T_NM_033071.3_utr5_144_0_chr6_152628332_r_Mut_1",60.9049271369923,1
"5M_1_2_chr6_152628379_152628380_NM_033071.3(SYNE1):c.-49C|T_NM_033071.3_utr5_144_0_chr6_152628332_r_Ref_2",41.0356684689984,1
"5M_1_2_chr6_69796898_69796899_NM_018368.3(LMBRD1):c.-18T|A_NM_018368.3_utr5_15_0_chr6_69796882_r_Mut_1",13.9893030755046,0
"5M_1_2_chr6_69796898_69796899_NM_018368.3(LMBRD1):c.-18T|A_NM_018368.3_utr5_15_0_chr6_69796882_r_Ref_2",41.9413293531942,0
"5M_1_2_chr6_87589964_87589965_NM_020320.4(RARS2):c.-8A|C_NM_001318785.1_utr5_18_0_chr6_87589701_r_Mut_1",56.7350708920067,0
"5M_1_2_chr6_87589969_87589970_NM_020320.4(RARS2):c.-13C|T_NM_001318785.1_utr5_18_0_chr6_87589701_r_Ref_1",93.2868735251006,0
"5M_1_2_chr7_6008968_6008976_NM_000535.6(PMS2):c.23+21_23+28delTCCGGTGT_NM_001322005.1_utr5_14_0_chr7_6008807_r_Ref_1",69.8550704091188,0
"5M_1_2_chr7_6008989_6008990_NM_000535.6(PMS2):c.23+7G|T_NM_001322005.1_utr5_14_0_chr7_6008807_r_Mut_1",18.0060143069817,0
"5M_1_2_chr7_6009025_6009026_NM_000535.6(PMS2):c.-7T|C_NM_001322005.1_utr5_14_0_chr7_6008807_r_Mut_1",26.3337992514634,0
"5M_1_2_chr7_74059876_74059877_NM_000501.3(ELN):c.1415-9A|G_ENST00000435932.1_utr5_0_0_chr7_74059576_r_Ref_1",13.1676729679544,0
"5M_1_2_chr8_89984562_89984563_NM_002485.4(NBN):c.-2C|A_NM_001024688.2_utr5_16_0_chr8_89984525_r_Mut_1",37.5408263316039,0
"5M_1_2_chr8_89984586_89984587_NM_002485.4(NBN):c.-26G|A_NM_001024688.2_utr5_16_0_chr8_89984525_r_Mut_1",49.0646505756386,0
"5M_1_2_chr8_89984586_89984587_NM_002485.4(NBN):c.-26G|A_NM_001024688.2_utr5_16_0_chr8_89984525_r_Ref_1",14.6420705528762,0
"5M_1_2_chr9_136439449_136439450_NM_019892.5(INPP5E):c.-31G|C_NM_019892.5_utr5_9_0_chr9_136439420_r_Ref_1",70.6868669573121,0
"5M_1_2_chr9_21971209_21971210_NM_000077.4(CDKN2A):c.151-2A|G_ENST00000578845.2_utr5_1_0_chr9_21971206_r_Mut_1",75.7168696211861,0
"5M_1_2_chr9_21974840_21974841_NM_000077.4(CDKN2A):c.-14C|T_NM_001195132.1_utr5_3_0_chr9_21974828_r_Mut_2",15.0646214091391,0
"5M_1_2_chr9_2622162_2622171_NM_003383.4(VLDLR):c.-27_-19delGGCGGCGGC_ENST00000599229.2_utr5_3_0_chr9_2622100_r_Mut_1",61.5780841835299,0
"5M_1_2_chr9_2622162_2622171_NM_003383.4(VLDLR):c.-27_-19delGGCGGCGGC_ENST00000599229.2_utr5_3_0_chr9_2622100_r_Ref_1",35.1225075698328,0
"5M_1_2_chr9_35657775_35657776_NR_003051.3(RMRP):n.243A|G_ENST00000602361.1_utr5_0_0_chr9_35657751_r_Mut_1",79.2396493790724,0
"5M_1_2_chr9_35657823_35657824_NR_003051.3(RMRP):n.195dupT_ENST00000602361.1_utr5_0_0_chr9_35657751_r_Ref_1",71.7259054326725,0
"5M_1_2_chr9_35657870_35657871_NR_003051.3(RMRP):n.148C|T_ENST00000602361.1_utr5_0_0_chr9_35657751_r_Mut_1",61.3747271525741,0
"5M_1_2_chr9_35657870_35657871_NR_003051.3(RMRP):n.148C|T_ENST00000602361.1_utr5_0_0_chr9_35657751_r_Ref_1",36.8185173933197,0
"5M_1_2_chr9_35657967_35657968_NR_003051.3(RMRP):n.51C|T_ENST00000602361.1_utr5_0_0_chr9_35657751_r_Mut_1",51.6360634554643,0
"5M_1_2_chr9_35657967_35657968_NR_003051.3(RMRP):n.51C|T_ENST00000602361.1_utr5_0_0_chr9_35657751_r_Ref_1",45.6794507168954,0
"5M_1_2_chr9_6554782_6554783_NM_000170.2(GLDC):c.2203-2A|G_ENST00000639639.1_utr5_6_0_chr9_6554686_r_Mut_1",38.8304028757844,0
"5M_1_2_chr9_6554782_6554783_NM_000170.2(GLDC):c.2203-2A|G_ENST00000639639.1_utr5_6_0_chr9_6554686_r_Ref_1",136.05666480752,0
"5M_1_2_chrX_120469172_120469173_NM_002294.2(LAMP2):c.-4G|C_NM_002294.2_utr5_8_0_chrX_120469170_r_Mut_1",75.079315343273,0
"5M_1_2_chrX_120469172_120469173_NM_002294.2(LAMP2):c.-4G|C_NM_002294.2_utr5_8_0_chrX_120469170_r_Ref_2",119.756148844655,0
"5M_1_2_chrX_130165778_130165779_NM_004208.3(AIFM1):c.-123G|C_NM_001130847.3_utr5_16_0_chrX_130165657_r_Mut_1",333.085183169061,0
"5M_1_2_chrX_130165778_130165779_NM_004208.3(AIFM1):c.-123G|C_NM_001130847.3_utr5_16_0_chrX_130165657_r_Ref_1",77.0540878241618,0
"5M_1_2_chrX_154097690_154097692_NM_001110792.1(MECP2):c.-27_-26delAG_NM_004992.3_utr5_3_0_chrX_154097604_r_Mut_1",67.9392280427114,0
"5M_1_2_chrX_154412068_154412069_NM_000116.4(TAZ):c.110-17C|T_NM_001009932.2_utr5_9_0_chrX_154411891_r_Mut_1",29.808137480642,0
"5M_1_4_chr2_112836809_112836810_NM_000576.2(IL1B):c.-118C|T_ENST00000263341.6_utr5_6_0_chr2_112836708_r_Mut_1",55.264420603277,0
"5M_1_4_chr6_43770612_43770613_NM_001025366.2(VEGFA):c.-94C|G_ENST00000607600.1_utr5_0_0_chr6_43770429_r_Mut_1",31.3622856697109,0
"5M_1_4_chr6_43770612_43770613_NM_001025366.2(VEGFA):c.-94C|G_ENST00000607600.1_utr5_0_0_chr6_43770429_r_Ref_1",24.9300663174979,0
"5M_1_6_chr17_19716684_19716685_NM_152908.3(SLC47A2):c.-130C|T_NM_152908.3_utr5_16_0_chr17_19716556_r_Ref_1",92.8774425592797,0
"5M_1_6_chr22_24429542_24429543_NM_000675.5(ADORA2A):c.-275+1797C|A_ENST00000326341.8_utr5_0_0_chr22_24429206_r_Mut_1",38.5371737450756,0
"5M_1_6_chr22_24429542_24429543_NM_000675.5(ADORA2A):c.-275+1797C|A_ENST00000326341.8_utr5_0_0_chr22_24429206_r_Ref_1",53.1670286659647,0
"5M_1_7_chr1_103108408_103108409_NM_001854.3(COL11A1):c.-231dupC_NM_001854.3_utr5_66_0_chr1_103108179_r_Mut_1",44.8394867701693,0
"5M_1_7_chr1_112956076_112956077_NM_003051.3(SLC16A1):c.-87C|T_NM_003051.3_utr5_4_0_chr1_112956035_r_Ref_2",39.5465515655236,0
"5M_1_7_chr1_112956194_112956198_NM_003051.3(SLC16A1):c.-208_-205delGACA_NM_003051.3_utr5_4_0_chr1_112956035_r_Mut_1",47.6738335606535,0
"5M_1_7_chr1_112956215_112956216_NM_003051.3(SLC16A1):c.-226G|A_NM_003051.3_utr5_4_0_chr1_112956035_r_Mut_1",45.125461823246,0
"5M_1_7_chr1_112956215_112956216_NM_003051.3(SLC16A1):c.-226G|A_NM_003051.3_utr5_4_0_chr1_112956035_r_Ref_1",118.200428529905,0
"5M_1_7_chr1_112956237_112956238_NM_003051.3(SLC16A1):c.-248G|T_NM_003051.3_utr5_4_0_chr1_112956035_r_Mut_1",29.2997179253072,0
"5M_1_7_chr1_112956237_112956238_NM_003051.3(SLC16A1):c.-248G|T_NM_003051.3_utr5_4_0_chr1_112956035_r_Ref_1",41.9060535713616,0
"5M_1_7_chr1_112956238_112956239_NM_003051.3(SLC16A1):c.-249C|T_NM_003051.3_utr5_4_0_chr1_112956035_r_Ref_1",19.7641847728096,0
"5M_1_7_chr1_114716745_114716746_NM_002524.4(NRAS):c.-106G|T_NM_002524.4_utr5_6_0_chr1_114716658_r_Mut_1",25.3465894645018,1
"5M_1_7_chr1_114716745_114716746_NM_002524.4(NRAS):c.-106G|T_NM_002524.4_utr5_6_0_chr1_114716658_r_Ref_1",58.4894471531502,1
"5M_1_7_chr1_114716884_114716885_NM_002524.4(NRAS):c.-245C|T_NM_002524.4_utr5_6_0_chr1_114716658_r_Mut_1",51.264773665975,0
"5M_1_7_chr1_114716884_114716885_NM_002524.4(NRAS):c.-245C|T_NM_002524.4_utr5_6_0_chr1_114716658_r_Ref_3",205.779931586916,0
"5M_1_7_chr1_115768645_115768646_NM_001232.3(CASQ2):c.-105A|G_NM_001232.3_utr5_10_0_chr1_115768542_r_Mut_1",64.1478385087955,0
"5M_1_7_chr1_115768645_115768646_NM_001232.3(CASQ2):c.-105A|G_NM_001232.3_utr5_10_0_chr1_115768542_r_Ref_1",50.206016864467,0
"5M_1_7_chr1_115768745_115768751_NM_001232.3(CASQ2):c.-210_-205delTGTGTG_NM_001232.3_utr5_10_0_chr1_115768542_r_Mut_1",106.336643117002,1
"5M_1_7_chr1_115768745_115768751_NM_001232.3(CASQ2):c.-210_-205delTGTGTG_NM_001232.3_utr5_10_0_chr1_115768542_r_Ref_2",112.155793862433,1
"5M_1_7_chr1_115768745_115768751_NM_001232.3(CASQ2):c.-210_-205dupTGTGTG_NM_001232.3_utr5_10_0_chr1_115768542_r_Mut_1",44.5266733240904,1
"5M_1_7_chr1_115768752_115768752_NM_001232.3(CASQ2):c.-212_-211insATGTGT_NM_001232.3_utr5_10_0_chr1_115768542_r_Mut_1",49.3238012169953,1
"5M_1_7_chr1_115768752_115768752_NM_001232.3(CASQ2):c.-212_-211insATGTGT_NM_001232.3_utr5_10_0_chr1_115768542_r_Ref_2",55.2851983363474,1
"5M_1_7_chr1_115768766_115768767_NM_001232.3(CASQ2):c.-226C|G_NM_001232.3_utr5_10_0_chr1_115768542_r_Mut_1",32.5601791236167,1
"5M_1_7_chr1_115768774_115768775_NM_001232.3(CASQ2):c.-234C|A_NM_001232.3_utr5_10_0_chr1_115768542_r_Mut_1",44.7698630442973,1
"5M_1_7_chr1_11805936_11805943_NM_005957.4(MTHFR):c.-69_-63delGCGGCCA_NM_005957.4_utr5_11_0_chr1_11805888_r_Ref_1",23.2410623592295,0
"5M_1_7_chr1_146021631_146021632_NM_213653.3(HFE2):c.-135T|C_NM_213653.3_utr5_3_0_chr1_146021587_r_Mut_1",23.8836314072388,1
"5M_1_7_chr1_146021631_146021632_NM_213653.3(HFE2):c.-135T|C_NM_213653.3_utr5_3_0_chr1_146021587_r_Ref_1",77.0600898292626,1
"5M_1_7_chr1_146021699_146021700_NM_213653.3(HFE2):c.-203C|T_NM_213653.3_utr5_3_0_chr1_146021587_r_Mut_1",193.835966021749,0
"5M_1_7_chr1_146021699_146021700_NM_213653.3(HFE2):c.-203C|T_NM_213653.3_utr5_3_0_chr1_146021587_r_Ref_1",110.537235734637,0
"5M_1_7_chr1_147773284_147773285_NM_005266.6(GJA5):c.-67G|A_NM_005266.6_utr5_1_0_chr1_147773252_r_Mut_1",265.002904478877,0
"5M_1_7_chr1_147773284_147773285_NM_005266.6(GJA5):c.-67G|A_NM_005266.6_utr5_1_0_chr1_147773252_r_Ref_4",56.0008473853025,0
"5M_1_7_chr1_150808302_150808303_NM_000396.3(CTSK):c.-91G|A_NM_000396.3_utr5_7_0_chr1_150808214_r_Mut_1",21.2367628401082,1
"5M_1_7_chr1_150808302_150808303_NM_000396.3(CTSK):c.-91G|A_NM_000396.3_utr5_7_0_chr1_150808214_r_Ref_1",29.2600680124695,1
"5M_1_7_chr1_150808396_150808397_NM_000396.3(CTSK):c.-185C|T_NM_000396.3_utr5_7_0_chr1_150808214_r_Mut_1",23.6376071857336,1
"5M_1_7_chr1_150808396_150808397_NM_000396.3(CTSK):c.-185C|T_NM_000396.3_utr5_7_0_chr1_150808214_r_Ref_1",20.0716487339106,1
"5M_1_7_chr1_151346541_151346542_NM_000449.3(RFX5):c.-74T|G_NM_000449.3_utr5_9_0_chr1_151346482_r_Mut_1",24.4318187503912,1
"5M_1_7_chr1_151346541_151346542_NM_000449.3(RFX5):c.-74T|G_NM_000449.3_utr5_9_0_chr1_151346482_r_Ref_1",22.6202852973511,1
"5M_1_7_chr1_151346565_151346566_NM_000449.3(RFX5):c.-98G|A_NM_000449.3_utr5_9_0_chr1_151346482_r_Mut_1",34.5557841984669,1
"5M_1_7_chr1_151346565_151346566_NM_000449.3(RFX5):c.-98G|A_NM_000449.3_utr5_9_0_chr1_151346482_r_Ref_1",37.9840305250593,1
"5M_1_7_chr1_158686557_158686563_NM_003126.3(SPTA1):c.-46_-41dup_NM_003126.2_utr5_51_0_chr1_158686518_r_Ref_1",8.6961558705649,1
"5M_1_7_chr1_161307428_161307429_NM_000530.7(MPZ):c.68-5T|G_ENST00000491222.5_utr5_4_0_chr1_161307258_r_Mut_1",63.4281866762461,0
"5M_1_7_chr1_16156083_16156084_NM_004431.4(EPHA2):c.-152T|C_NM_004431.3_utr5_16_0_chr1_16155933_r_Mut_1",65.3981716437147,0
"5M_1_7_chr1_169586425_169586426_NM_000130.4(F5):c.-40T|C_NM_000130.4_utr5_24_0_chr1_169586387_r_Ref_1",102.616216188221,0
"5M_1_7_chr1_169586495_169586496_NM_000130.4(F5):c.-110C|A_NM_000130.4_utr5_24_0_chr1_169586387_r_Mut_1",69.8534591355792,0
"5M_1_7_chr1_169586495_169586496_NM_000130.4(F5):c.-110C|A_NM_000130.4_utr5_24_0_chr1_169586387_r_Ref_1",42.7720490873412,0
"5M_1_7_chr1_173917315_173917316_NM_000488.3(SERPINC1):c.-57G|A_NM_000488.3_utr5_6_0_chr1_173917260_r_Mut_1",15.5180040842997,1
"5M_1_7_chr1_173917315_173917316_NM_000488.3(SERPINC1):c.-57G|A_NM_000488.3_utr5_6_0_chr1_173917260_r_Ref_3",463.491287220638,1
"5M_1_7_chr1_182390640_182390641_NM_002065.6(GLUL):c.-158C|T_NM_002065.6_utr5_6_0_chr1_182390497_r_Mut_1",37.045895519128,0
"5M_1_7_chr1_182390640_182390641_NM_002065.6(GLUL):c.-158C|T_NM_002065.6_utr5_6_0_chr1_182390497_r_Ref_1",37.7101418432501,0
"5M_1_7_chr1_182390720_182390721_NM_002065.6(GLUL):c.-238G|A_NM_002065.6_utr5_6_0_chr1_182390497_r_Mut_1",15.3202865200331,0
"5M_1_7_chr1_182390720_182390721_NM_002065.6(GLUL):c.-238G|A_NM_002065.6_utr5_6_0_chr1_182390497_r_Ref_1",100.447309843484,0
"5M_1_7_chr1_182392053_182392054_NM_002065.6(GLUL):c.-745C|T_NM_002065.6_utr5_7_0_chr1_182391679_r_Mut_1",132.933088314942,0
"5M_1_7_chr1_182392053_182392054_NM_002065.6(GLUL):c.-745C|T_NM_002065.6_utr5_7_0_chr1_182391679_r_Ref_1",50.2293985723551,0
"5M_1_7_chr1_18902529_18902530_NM_003748.3(ALDH4A1):c.-7A|G_NM_003748.3_utr5_14_0_chr1_18902524_r_Mut_1",20.2072555135229,0
"5M_1_7_chr1_18902548_18902549_NM_003748.3(ALDH4A1):c.-26G|T_NM_003748.3_utr5_14_0_chr1_18902524_r_Mut_1",83.4062614408006,0
"5M_1_7_chr1_18902561_18902562_NM_003748.3(ALDH4A1):c.-39G|T_NM_003748.3_utr5_14_0_chr1_18902524_r_Mut_1",119.835527145027,0
"5M_1_7_chr1_18902561_18902562_NM_003748.3(ALDH4A1):c.-39G|T_NM_003748.3_utr5_14_0_chr1_18902524_r_Ref_6",219.19568900433,0
"5M_1_7_chr1_197146550_197146551_NM_018136.4(ASPM):c.-114C|A_NM_018136.4_utr5_27_0_chr1_197146438_r_Mut_1",18.5551199290831,0
"5M_1_7_chr1_197146550_197146551_NM_018136.4(ASPM):c.-114C|A_NM_018136.4_utr5_27_0_chr1_197146438_r_Ref_1",17.7389604641922,0
"5M_1_7_chr1_201112485_201112486_NM_000069.2(CACNA1S):c.-147C|T_NM_000069.2_utr5_43_0_chr1_201112340_r_Ref_1",40.4558212963058,1
"5M_1_7_chr1_201112544_201112545_NM_000069.2(CACNA1S):c.-206C|T_NM_000069.2_utr5_43_0_chr1_201112340_r_Mut_1",127.448414634908,1
"5M_1_7_chr1_201112544_201112545_NM_000069.2(CACNA1S):c.-206C|T_NM_000069.2_utr5_43_0_chr1_201112340_r_Ref_1",37.0511794677184,1
"5M_1_7_chr1_201373254_201373255_NM_001001430.2(TNNT2):c.-1C|A_NM_001276347.1_utr5_14_0_chr1_201373255_r_Mut_1",36.6889078829106,1
"5M_1_7_chr1_201373254_201373255_NM_001001430.2(TNNT2):c.-1C|A_NM_001276347.1_utr5_14_0_chr1_201373255_r_Ref_1",24.2556808162559,1
"5M_1_7_chr1_20648636_20648637_NM_032409.2(PINK1):c.1251+5G|A_ENST00000451424.1_utr5_2_0_chr1_20648315_r_Mut_1",215.017622323417,0
"5M_1_7_chr1_20648636_20648637_NM_032409.2(PINK1):c.1251+5G|A_ENST00000451424.1_utr5_2_0_chr1_20648315_r_Ref_1",105.252985343962,0
"5M_1_7_chr1_20650708_20650709_NM_032409.2(PINK1):c.*18G|A_ENST00000451424.1_utr5_2_0_chr1_20648315_r_Mut_1",124.993829713132,1
"5M_1_7_chr1_20650708_20650709_NM_032409.2(PINK1):c.*18G|A_ENST00000451424.1_utr5_2_0_chr1_20648315_r_Ref_1",81.1081061356692,1
"5M_1_7_chr1_20651261_20651262_NM_032409.2(PINK1):c.*571delC_ENST00000451424.1_utr5_2_0_chr1_20648315_r_Mut_1",39.4032909090858,1
"5M_1_7_chr1_20651345_20651346_NM_032409.2(PINK1):c.*655T|C_ENST00000451424.1_utr5_2_0_chr1_20648315_r_Mut_1",24.5131880488539,1
"5M_1_7_chr1_20651345_20651346_NM_032409.2(PINK1):c.*655T|C_ENST00000451424.1_utr5_2_0_chr1_20648315_r_Ref_1",21.7369545850081,1
"5M_1_7_chr1_20651952_20651953_NM_005216.4(DDOST):c.*426C|T_ENST00000451424.1_utr5_2_0_chr1_20648315_r_Mut_1",30.9320520551151,0
"5M_1_7_chr1_20651952_20651953_NM_005216.4(DDOST):c.*426C|T_ENST00000451424.1_utr5_2_0_chr1_20648315_r_Ref_1",33.2131829539728,0
"5M_1_7_chr1_20652026_20652027_NM_005216.4(DDOST):c.*352C|T_ENST00000451424.1_utr5_2_0_chr1_20648315_r_Mut_1",22.811435079282,0
"5M_1_7_chr1_20652026_20652027_NM_005216.4(DDOST):c.*352C|T_ENST00000451424.1_utr5_2_0_chr1_20648315_r_Ref_1",48.0828138635533,0
"5M_1_7_chr1_20661462_20661463_NM_005216.4(DDOST):c.-62delG_NM_005216.4_utr5_10_0_chr1_20661402_r_Ref_1",19.0495486722881,0
"5M_1_7_chr1_211491780_211491781_NM_183059.2(RD3):c.-28G|A_NM_183059.2_utr5_2_0_chr1_211491768_r_Mut_1",87.6567159580178,1
"5M_1_7_chr1_211491780_211491781_NM_183059.2(RD3):c.-28G|A_NM_183059.2_utr5_2_0_chr1_211491768_r_Ref_1",346.345663973128,1
"5M_1_7_chr1_211491894_211491895_NM_183059.2(RD3):c.-142C|T_NM_183059.2_utr5_2_0_chr1_211491768_r_Mut_1",134.596567412574,1
"5M_1_7_chr1_211491944_211491945_NM_183059.2(RD3):c.-192C|T_NM_183059.2_utr5_2_0_chr1_211491768_r_Mut_1",42.2305363571351,0
"5M_1_7_chr1_211491944_211491945_NM_183059.2(RD3):c.-192C|T_NM_183059.2_utr5_2_0_chr1_211491768_r_Ref_1",67.6631276535882,0
"5M_1_7_chr1_211492048_211492052_NM_183059.2(RD3):c.-299_-296delACAC_NM_183059.2_utr5_2_0_chr1_211491768_r_Mut_1",56.0991697677599,0
"5M_1_7_chr1_211492048_211492060_NM_183059.2(RD3):c.-307_-296delACACACACACAC_NM_183059.2_utr5_2_0_chr1_211491768_r_Mut_1",43.9770128944502,0
"5M_1_7_chr1_211492084_211492085_NM_183059.2(RD3):c.-332C|T_NM_183059.2_utr5_2_0_chr1_211491768_r_Mut_1",32.5688020874502,0
"5M_1_7_chr1_211492084_211492085_NM_183059.2(RD3):c.-332C|T_NM_183059.2_utr5_2_0_chr1_211491768_r_Ref_1",28.5023588675501,0
"5M_1_7_chr1_211492087_211492088_NM_183059.2(RD3):c.-335A|G_NM_183059.2_utr5_2_0_chr1_211491768_r_Mut_1",39.7871970695936,0
"5M_1_7_chr1_211492087_211492088_NM_183059.2(RD3):c.-335A|G_NM_183059.2_utr5_2_0_chr1_211491768_r_Ref_1",33.5647000933002,0
"5M_1_7_chr1_211492091_211492093_NM_183059.2(RD3):c.-340_-339delTA_NM_183059.2_utr5_2_0_chr1_211491768_r_Mut_1",53.1154284696599,0
"5M_1_7_chr1_211492110_211492111_NM_183059.2(RD3):c.-358G|A_NM_183059.2_utr5_2_0_chr1_211491768_r_Mut_1",95.010578061173,0
"5M_1_7_chr1_211492110_211492111_NM_183059.2(RD3):c.-358G|A_NM_183059.2_utr5_2_0_chr1_211491768_r_Ref_1",42.7514308144056,0
"5M_1_7_chr1_211492111_211492112_NM_183059.2(RD3):c.-359C|T_NM_183059.2_utr5_2_0_chr1_211491768_r_Mut_1",357.113387239258,0
"5M_1_7_chr1_211492324_211492325_NM_183059.2(RD3):c.-572G|A_NM_183059.2_utr5_2_0_chr1_211491768_r_Ref_1",53.8241727564889,1
"5M_1_7_chr1_211492466_211492467_NM_183059.2(RD3):c.-714G|C_NM_183059.2_utr5_2_0_chr1_211491768_r_Mut_1",16.5564963267224,0
"5M_1_7_chr1_211492466_211492467_NM_183059.2(RD3):c.-714G|C_NM_183059.2_utr5_2_0_chr1_211491768_r_Ref_1",37.3233072976174,0
"5M_1_7_chr1_211492872_211492873_NM_183059.2(RD3):c.-1120G|A_NM_183059.2_utr5_2_0_chr1_211491768_r_Ref_2",17.7461121237359,1
"5M_1_7_chr1_216423363_216423364_NM_007123.5(USH2A):c.-355C|G_NM_206933.2_utr5_71_0_chr1_216423214_r_Mut_1",49.4105555473757,1
"5M_1_7_chr1_216423363_216423364_NM_007123.5(USH2A):c.-355C|G_NM_206933.2_utr5_71_0_chr1_216423214_r_Ref_1",23.1539560917974,1
"5M_1_7_chr1_220272422_220272423_NM_012414.3(RAB3GAP2):c.-86T|C_NM_012414.3_utr5_34_0_chr1_220272338_r_Mut_1",36.8568139624873,1
"5M_1_7_chr1_220272422_220272423_NM_012414.3(RAB3GAP2):c.-86T|C_NM_012414.3_utr5_34_0_chr1_220272338_r_Ref_1",36.4798014419356,1
"5M_1_7_chr1_230714401_230714402_NM_000029.3(AGT):c.-320C|T_NM_000029.3_utr5_4_0_chr1_230714086_r_Ref_1",45.9696160018091,0
"5M_1_7_chr1_230714504_230714505_NM_000029.3(AGT):c.-423G|A_NM_000029.3_utr5_4_0_chr1_230714086_r_Mut_1",306.027392791674,0
"5M_1_7_chr1_230714504_230714505_NM_000029.3(AGT):c.-423G|A_NM_000029.3_utr5_4_0_chr1_230714086_r_Ref_1",35.3926330089372,0
"5M_1_7_chr1_231422027_231422028_NM_022051.2(EGLN1):c.-140C|T_NM_022051.2_utr5_4_0_chr1_231421889_r_Mut_1",72.9111970166538,0
"5M_1_7_chr1_231422027_231422028_NM_022051.2(EGLN1):c.-140C|T_NM_022051.2_utr5_4_0_chr1_231421889_r_Ref_1",31.551290857039,0
"5M_1_7_chr1_231423404_231423405_NM_022051.2(EGLN1):c.-1517A|G_NM_022051.2_utr5_4_0_chr1_231421889_r_Mut_1",25.9219482273796,1
"5M_1_7_chr1_231423404_231423405_NM_022051.2(EGLN1):c.-1517A|G_NM_022051.2_utr5_4_0_chr1_231421889_r_Ref_1",17.6569341612678,1
"5M_1_7_chr1_231423846_231423847_NM_022051.2(EGLN1):c.-1959G|A_NM_022051.2_utr5_4_0_chr1_231421889_r_Mut_1",27.5494432774954,1
"5M_1_7_chr1_231423846_231423847_NM_022051.2(EGLN1):c.-1959G|A_NM_022051.2_utr5_4_0_chr1_231421889_r_Ref_1",146.771888403463,1
"5M_1_7_chr1_231424227_231424228_NM_022051.2(EGLN1):c.-2340A|G_NM_022051.2_utr5_4_0_chr1_231421889_r_Mut_1",25.0709720150739,1
"5M_1_7_chr1_231424227_231424228_NM_022051.2(EGLN1):c.-2340A|G_NM_022051.2_utr5_4_0_chr1_231421889_r_Ref_1",23.6661005771674,1
"5M_1_7_chr1_231424508_231424509_NM_022051.2(EGLN1):c.-2621G|C_NM_022051.2_utr5_4_0_chr1_231421889_r_Ref_1",30.688945017816,1
"5M_1_7_chr1_231424649_231424650_NM_022051.2(EGLN1):c.-2762C|T_NM_022051.2_utr5_4_0_chr1_231421889_r_Mut_1",19.2486091437275,1
"5M_1_7_chr1_231424649_231424650_NM_022051.2(EGLN1):c.-2762C|T_NM_022051.2_utr5_4_0_chr1_231421889_r_Ref_1",88.9518805551517,1
"5M_1_7_chr1_23800470_23800471_NM_000403.3(GALE):c.-161C|G_NM_000403.3_utr5_11_0_chr1_23800387_r_Mut_1",50.6747987505135,0
"5M_1_7_chr1_23800470_23800471_NM_000403.3(GALE):c.-161C|G_NM_000403.3_utr5_11_0_chr1_23800387_r_Ref_1",19.765891862267,0
"5M_1_7_chr1_25817702_25817703_NM_020451.2(SELENON):c.*1985A|T_ENST00000442055.5_utr5_1_0_chr1_25817562_r_Mut_1",293.292747497416,1
"5M_1_7_chr1_32817576_32817577_NM_003680.3(YARS):c.-333C|T_NM_003680.3_utr5_12_0_chr1_32817245_r_Mut_1",64.7279927954949,1
"5M_1_7_chr1_32817576_32817577_NM_003680.3(YARS):c.-333C|T_NM_003680.3_utr5_12_0_chr1_32817245_r_Ref_1",31.735341867325,1
"5M_1_7_chr1_32817863_32817864_NM_003680.3(YARS):c.-620A|C_NM_003680.3_utr5_12_0_chr1_32817245_r_Mut_1",94.1154948061848,0
"5M_1_7_chr1_32817863_32817864_NM_003680.3(YARS):c.-620A|C_NM_003680.3_utr5_12_0_chr1_32817245_r_Ref_1",22.2364443873852,0
"5M_1_7_chr1_40097310_40097311_NM_000310.3(PPT1):c.-73G|C_NM_000310.3_utr5_8_0_chr1_40097239_r_Mut_1",64.1120748525459,0
"5M_1_7_chr1_40097395_40097396_NM_000310.3(PPT1):c.-158C|T_NM_000310.3_utr5_8_0_chr1_40097239_r_Ref_1",31.0339156215267,0
"5M_1_7_chr1_40257901_40257902_NM_005857.4(ZMPSTE24):c.-211-159G|T_ENST00000567508.1_utr5_0_0_chr1_40256427_r_Mut_1",77.0472492234572,0
"5M_1_7_chr1_40257901_40257902_NM_005857.4(ZMPSTE24):c.-211-159G|T_ENST00000567508.1_utr5_0_0_chr1_40256427_r_Ref_1",24.3131979486841,0
"5M_1_7_chr1_40257945_40257946_NM_005857.4(ZMPSTE24):c.-211-115G|A_ENST00000567508.1_utr5_0_0_chr1_40256427_r_Mut_1",56.7533839180647,0
"5M_1_7_chr1_40257945_40257946_NM_005857.4(ZMPSTE24):c.-211-115G|A_ENST00000567508.1_utr5_0_0_chr1_40256427_r_Ref_1",58.5066497768763,0
"5M_1_7_chr1_42740207_42740208_NM_148960.2(CLDN19):c.-145C|T_NM_001123395.1_utr5_3_0_chr1_42740064_r_Mut_1",31.5248243018445,0
"5M_1_7_chr1_42740207_42740208_NM_148960.2(CLDN19):c.-145C|T_NM_001123395.1_utr5_3_0_chr1_42740064_r_Ref_2",45.892268197632,0
"5M_1_7_chr1_42958875_42958876_NM_006516.2(SLC2A1):c.-225T|G_NM_006516.2_utr5_9_0_chr1_42958652_r_Mut_1",36.6707293504155,0
"5M_1_7_chr1_42958875_42958876_NM_006516.2(SLC2A1):c.-225T|G_NM_006516.2_utr5_9_0_chr1_42958652_r_Ref_1",33.1632722756438,0
"5M_1_7_chr1_42959038_42959039_NM_006516.2(SLC2A1):c.-388G|T_NM_006516.2_utr5_9_0_chr1_42958652_r_Mut_1",26.2480996624613,0
"5M_1_7_chr1_42959160_42959161_NM_006516.2(SLC2A1):c.-510G|C_NM_006516.2_utr5_9_0_chr1_42958652_r_Mut_1",49.6274320939763,1
"5M_1_7_chr1_42959160_42959161_NM_006516.2(SLC2A1):c.-510G|C_NM_006516.2_utr5_9_0_chr1_42958652_r_Ref_2",29.7669665109502,1
"5M_1_7_chr1_44986508_44986509_NM_020365.4(EIF2B3):c.-26C|G_NM_020365.4_utr5_11_0_chr1_44986493_r_Ref_2",34.3837275946879,0
"5M_1_7_chr1_45340353_45340354_NM_001048171.1(MUTYH):c.-100C|A_NM_001293192.1_utr5_15_0_chr1_45340219_r_Mut_1",96.9176039247794,0
"5M_1_7_chr1_45340353_45340354_NM_001048171.1(MUTYH):c.-100C|A_NM_001293192.1_utr5_15_0_chr1_45340219_r_Ref_1",81.7876236800618,0
"5M_1_7_chr1_47314112_47314113_NM_003035.2(STIL):c.-121C|T_NM_001282936.1_utr5_17_0_chr1_47314036_r_Mut_1",45.9804016208408,0
"5M_1_7_chr1_47314112_47314113_NM_003035.2(STIL):c.-121C|T_NM_001282936.1_utr5_17_0_chr1_47314036_r_Ref_4",25.350747792186,0
"5M_1_7_chr1_54887195_54887196_NM_014762.3(DHCR24):c.-77C|T_NM_014762.3_utr5_8_0_chr1_54887120_r_Mut_1",285.512972286449,0
"5M_1_7_chr1_54887195_54887196_NM_014762.3(DHCR24):c.-77C|T_NM_014762.3_utr5_8_0_chr1_54887120_r_Ref_1",31.0888410683837,0
"5M_1_7_chr1_58577211_58577212_NM_002353.2(TACSTD2):c.-56C|G_NM_002353.2_utr5_0_0_chr1_58577157_r_Mut_1",54.0610316929588,0
"5M_1_7_chr1_5992429_5992430_NM_015102.4(NPHP4):c.-225G|A_NM_015102.4_utr5_29_0_chr1_5992244_r_Mut_1",360.61404639385,0
"5M_1_7_chr1_5992440_5992441_NM_015102.4(NPHP4):c.-236C|T_NM_015102.4_utr5_29_0_chr1_5992244_r_Mut_1",21.2714108881486,0
"5M_1_7_chr1_77888683_77888684_NM_144573.3(NEXN):c.-128A|G_ENST00000421331.1_utr5_1_0_chr1_77887600_r_Mut_1",99.7356742543375,0
"5M_1_7_chr1_77888683_77888684_NM_144573.3(NEXN):c.-128A|G_ENST00000421331.1_utr5_1_0_chr1_77887600_r_Ref_1",47.7747044482283,0
"5M_1_7_chr1_97921029_97921030_NM_000110.3(DPYD):c.-108T|C_NM_000110.3_utr5_22_0_chr1_97920923_r_Mut_1",83.6069142570012,1
"5M_1_7_chr1_97921033_97921034_NM_000110.3(DPYD):c.-112A|G_NM_000110.3_utr5_22_0_chr1_97920923_r_Mut_1",102.57934933979,1
"5M_1_7_chr1_97921033_97921034_NM_000110.3(DPYD):c.-112A|G_NM_000110.3_utr5_22_0_chr1_97920923_r_Ref_3",40.9481440434506,1
"5M_1_7_chr10_101694731_101694732_NM_022039.3(FBXW4):c.-92T|C_NM_022039.3_utr5_8_0_chr10_101694641_r_Mut_1",19.8093232052363,0
"5M_1_7_chr10_101694731_101694732_NM_022039.3(FBXW4):c.-92T|C_NM_022039.3_utr5_8_0_chr10_101694641_r_Ref_1",31.3275521151398,0
"5M_1_7_chr10_101694971_101694972_NM_022039.3(FBXW4):c.-332C|T_NM_022039.3_utr5_8_0_chr10_101694641_r_Ref_1",35.6074373063966,0
"5M_1_7_chr10_102837375_102837376_NM_000102.3(CYP17A1):c.-15C|T_NM_000102.3_utr5_7_0_chr10_102837362_r_Mut_1",20.7892955568108,0
"5M_1_7_chr10_102837526_102837527_NM_000102.3(CYP17A1):c.-166G|C_NM_000102.3_utr5_7_0_chr10_102837362_r_Mut_1",46.2134935186642,0
"5M_1_7_chr10_102837526_102837527_NM_000102.3(CYP17A1):c.-166G|C_NM_000102.3_utr5_7_0_chr10_102837362_r_Ref_1",119.483116781922,0
"5M_1_7_chr10_121593945_121593946_NM_000141.4(FGFR2):c.-129C|T_NM_001144916.1_utr5_14_0_chr10_121593818_r_Mut_1",50.6441688756683,0
"5M_1_7_chr10_121593945_121593946_NM_000141.4(FGFR2):c.-129C|T_NM_001144916.1_utr5_14_0_chr10_121593818_r_Ref_1",86.0294699093329,0
"5M_1_7_chr10_133526340_133526341_NM_000773.3(CYP2E1):c.-1055C|T_ENST00000622716.1_utr5_0_0_chr10_133526259_r_Mut_1",12.5906245693733,1
"5M_1_7_chr10_133526340_133526341_NM_000773.3(CYP2E1):c.-1055C|T_ENST00000622716.1_utr5_0_0_chr10_133526259_r_Ref_1",13.239102325966,1
"5M_1_7_chr10_27100329_27100330_NM_014915.2(ANKRD26):c.-4G|A_NM_014915.2_utr5_33_0_chr10_27100327_r_Mut_1",139.660840541153,0
"5M_1_7_chr10_27100329_27100330_NM_014915.2(ANKRD26):c.-4G|A_NM_014915.2_utr5_33_0_chr10_27100327_r_Ref_1",134.210533612573,0
"5M_1_7_chr10_27100460_27100461_NM_014915.2(ANKRD26):c.-135A|C_NM_014915.2_utr5_33_0_chr10_27100327_r_Mut_1",71.9689592421306,0
"5M_1_7_chr10_27100463_27100464_NM_014915.2(ANKRD26):c.-138C|G_NM_014915.2_utr5_33_0_chr10_27100327_r_Mut_1",74.6704019599948,0
"5M_1_7_chr10_27100497_27100498_NM_014915.2(ANKRD26):c.-172A|T_NM_014915.2_utr5_33_0_chr10_27100327_r_Mut_1",54.7784589499464,0
"5M_1_7_chr10_27155172_27155173_NM_032844.4(MASTL):c.-254T|G_ENST00000477432.1_utr5_2_0_chr10_27154211_r_Mut_1",20.6227471020217,0
"5M_1_7_chr10_27155172_27155173_NM_032844.4(MASTL):c.-254T|G_ENST00000477432.1_utr5_2_0_chr10_27154211_r_Ref_1",53.2924098318543,0
"5M_1_7_chr10_49538998_49538999_NM_000124.3(ERCC6):c.-52G|A_NM_000124.3_utr5_20_0_chr10_49538962_r_Mut_1",83.51858079923,0
"5M_1_7_chr10_49538998_49538999_NM_000124.3(ERCC6):c.-52G|A_NM_000124.3_utr5_20_0_chr10_49538962_r_Ref_1",211.282852248014,0
"5M_1_7_chr10_49539046_49539047_NM_000124.3(ERCC6):c.-100A|G_NM_000124.3_utr5_20_0_chr10_49538962_r_Mut_1",38.2887308374091,0
"5M_1_7_chr10_49539046_49539047_NM_000124.3(ERCC6):c.-100A|G_NM_000124.3_utr5_20_0_chr10_49538962_r_Ref_1",138.904972448704,0
"5M_1_7_chr10_54801183_54801184_NM_033056.3(PCDH15):c.-288T|C_NM_001142771.1_utr5_35_0_chr10_54800925_r_Mut_1",55.8884847951067,0
"5M_1_7_chr10_54801183_54801184_NM_033056.3(PCDH15):c.-288T|C_NM_001142771.1_utr5_35_0_chr10_54800925_r_Ref_1",86.8989398763272,0
"5M_1_7_chr10_6062361_6062362_NM_000417.2(IL2RA):c.-211C|G_NM_000417.2_utr5_7_0_chr10_6062152_r_Mut_1",16.5725174317713,1
"5M_1_7_chr10_6062361_6062362_NM_000417.2(IL2RA):c.-211C|G_NM_000417.2_utr5_7_0_chr10_6062152_r_Ref_1",29.9266069548179,0
"5M_1_7_chr10_62816314_62816318_NM_000399.4(EGR2):c.-289_-286delACTG_NM_000399.4_utr5_1_0_chr10_62816030_r_Mut_1",20.4496949491279,0
"5M_1_7_chr10_62816314_62816318_NM_000399.4(EGR2):c.-289_-286delACTG_NM_000399.4_utr5_1_0_chr10_62816030_r_Ref_1",16.516342336004,0
"5M_1_7_chr10_70602666_70602667_NM_001083116.2(PRF1):c.-53C|T_NM_001083116.1_utr5_2_0_chr10_70602645_r_Mut_1",36.6206457885347,0
"5M_1_7_chr10_70602666_70602667_NM_001083116.2(PRF1):c.-53C|T_NM_001083116.1_utr5_2_0_chr10_70602645_r_Ref_3",34.9283406413225,0
"5M_1_7_chr10_70602695_70602696_NM_001083116.2(PRF1):c.-82G|A_NM_001083116.1_utr5_2_0_chr10_70602645_r_Mut_1",75.3236211919541,0
"5M_1_7_chr10_70602722_70602723_NM_001083116.2(PRF1):c.-109G|A_NM_001083116.1_utr5_2_0_chr10_70602645_r_Mut_1",86.2596699310526,0
"5M_1_7_chr10_70602722_70602723_NM_001083116.2(PRF1):c.-109G|A_NM_001083116.1_utr5_2_0_chr10_70602645_r_Ref_1",65.3811239043467,0
"5M_1_7_chr10_71851276_71851277_NM_002778.3(PSAP):c.-56A|G_NM_001042465.2_utr5_14_0_chr10_71851222_r_Mut_1",45.6788889005745,1
"5M_1_7_chr10_71851282_71851283_NM_002778.3(PSAP):c.-62A|G_NM_001042465.2_utr5_14_0_chr10_71851222_r_Mut_1",28.5255723396899,0
"5M_1_7_chr10_71851282_71851283_NM_002778.3(PSAP):c.-62A|G_NM_001042465.2_utr5_14_0_chr10_71851222_r_Ref_1",24.4247257917928,1
"5M_1_7_chr10_73252599_73252602_NM_016065.3(MRPS16):c.-120_-118delCGG_NM_016065.3_utr5_2_0_chr10_73252483_r_Mut_1",351.855370534865,1
"5M_1_7_chr10_73252599_73252602_NM_016065.3(MRPS16):c.-120_-118delCGG_NM_016065.3_utr5_2_0_chr10_73252483_r_Ref_1",97.413756452934,1
"5M_1_7_chr10_73252615_73252616_NM_016065.3(MRPS16):c.-134C|T_NM_016065.3_utr5_2_0_chr10_73252483_r_Mut_1",75.4100976852103,1
"5M_1_7_chr10_73252615_73252616_NM_016065.3(MRPS16):c.-134C|T_NM_016065.3_utr5_2_0_chr10_73252483_r_Ref_1",254.219654359772,1
"5M_1_7_chr10_73252628_73252629_NM_016065.3(MRPS16):c.-147C|G_NM_016065.3_utr5_2_0_chr10_73252483_r_Mut_1",79.7126539639707,0
"5M_1_7_chr10_73252628_73252629_NM_016065.3(MRPS16):c.-147C|G_NM_016065.3_utr5_2_0_chr10_73252483_r_Ref_1",49.82575281947,0
"5M_1_7_chr10_73916567_73916568_NM_002658.4(PLAU):c.*3G|A_NM_001001791.2_utr5_3_0_chr10_73916519_r_Mut_1",74.0608688478712,0
"5M_1_7_chr10_73916567_73916568_NM_002658.4(PLAU):c.*3G|A_NM_001001791.2_utr5_3_0_chr10_73916519_r_Ref_1",73.7735710803754,0
"5M_1_7_chr10_80289445_80289446_NM_000429.2(MAT1A):c.-23C|T_NM_000429.2_utr5_8_0_chr10_80289424_r_Mut_1",116.816924145898,0
"5M_1_7_chr10_80289445_80289446_NM_000429.2(MAT1A):c.-23C|T_NM_000429.2_utr5_8_0_chr10_80289424_r_Ref_1",33.3090770971611,0
"5M_1_7_chr10_80289485_80289486_NM_000429.2(MAT1A):c.-63C|T_NM_000429.2_utr5_8_0_chr10_80289424_r_Mut_1",329.050232381516,0
"5M_1_7_chr10_80289485_80289486_NM_000429.2(MAT1A):c.-63C|T_NM_000429.2_utr5_8_0_chr10_80289424_r_Ref_1",38.9621723832729,0
"5M_1_7_chr10_80289494_80289495_NM_000429.2(MAT1A):c.-72A|G_NM_000429.2_utr5_8_0_chr10_80289424_r_Mut_1",22.3111631127228,0
"5M_1_7_chr10_80289494_80289495_NM_000429.2(MAT1A):c.-72A|G_NM_000429.2_utr5_8_0_chr10_80289424_r_Ref_1",98.1381357923576,0
"5M_1_7_chr10_80289495_80289496_NM_000429.2(MAT1A):c.-73A|G_NM_000429.2_utr5_8_0_chr10_80289424_r_Mut_1",83.1870021397337,0
"5M_1_7_chr10_80289495_80289496_NM_000429.2(MAT1A):c.-73A|G_NM_000429.2_utr5_8_0_chr10_80289424_r_Ref_1",97.6006914604188,0
"5M_1_7_chr10_80289497_80289498_NM_000429.2(MAT1A):c.-75G|A_NM_000429.2_utr5_8_0_chr10_80289424_r_Mut_1",28.6719800872478,0
"5M_1_7_chr10_80289497_80289498_NM_000429.2(MAT1A):c.-75G|A_NM_000429.2_utr5_8_0_chr10_80289424_r_Ref_1",37.3596508683356,0
"5M_1_7_chr10_87094868_87094869_NM_005271.4(GLUD1):c.-100A|G_NM_001318905.1_utr5_15_0_chr10_87094325_r_Ref_1",32.6880003915747,0
"5M_1_7_chr10_87863127_87863128_NM_000314.6(PTEN):c.-1341G|A_NM_001126049.1_utr5_0_0_chr10_87862488_r_Ref_1",30.1720283782496,0
"5M_1_7_chr10_87863212_87863213_NM_000314.6(PTEN):c.-1256G|A_NM_001126049.1_utr5_0_0_chr10_87862488_r_Mut_1",49.4124503713307,0
"5M_1_7_chr10_87863212_87863213_NM_000314.6(PTEN):c.-1256G|A_NM_001126049.1_utr5_0_0_chr10_87862488_r_Ref_1",12.3812637868202,0
"5M_1_7_chr10_87863221_87863222_NM_000314.6(PTEN):c.-1247dupT_NM_001126049.1_utr5_0_0_chr10_87862488_r_Mut_1",26.7240624883128,0
"5M_1_7_chr10_87863221_87863222_NM_000314.6(PTEN):c.-1247dupT_NM_001126049.1_utr5_0_0_chr10_87862488_r_Ref_1",77.4648975285086,0
"5M_1_7_chr10_87863233_87863234_NM_000314.6(PTEN):c.-1235C|T_NM_001126049.1_utr5_0_0_chr10_87862488_r_Mut_1",93.2685338945864,0
"5M_1_7_chr10_87863233_87863234_NM_000314.6(PTEN):c.-1235C|T_NM_001126049.1_utr5_0_0_chr10_87862488_r_Ref_1",31.7692899058617,0
"5M_1_7_chr10_87863234_87863235_NM_000314.6(PTEN):c.-1234C|G_NM_001126049.1_utr5_0_0_chr10_87862488_r_Mut_1",53.7200221292984,0
"5M_1_7_chr10_87863234_87863235_NM_000314.6(PTEN):c.-1234C|G_NM_001126049.1_utr5_0_0_chr10_87862488_r_Ref_2",78.9580034206219,0
"5M_1_7_chr10_87863234_87863235_NM_000314.6(PTEN):c.-1234C|T_NM_001126049.1_utr5_0_0_chr10_87862488_r_Mut_1",17.4041270119078,0
"5M_1_7_chr10_87863261_87863262_NM_000314.6(PTEN):c.-1207G|C_NM_001126049.1_utr5_0_0_chr10_87862488_r_Mut_1",163.804143917527,0
"5M_1_7_chr10_87863261_87863262_NM_000314.6(PTEN):c.-1207G|C_NM_001126049.1_utr5_0_0_chr10_87862488_r_Ref_1",28.0425402880968,0
"5M_1_7_chr10_87863292_87863293_NM_000314.6(PTEN):c.-1176T|G_NM_001126049.1_utr5_0_0_chr10_87862488_r_Mut_1",35.3303002273371,0
"5M_1_7_chr10_87863292_87863293_NM_000314.6(PTEN):c.-1176T|G_NM_001126049.1_utr5_0_0_chr10_87862488_r_Ref_1",29.9449073858318,0
"5M_1_7_chr10_87863347_87863348_NM_000314.6(PTEN):c.-1121A|T_NM_001126049.1_utr5_0_0_chr10_87862488_r_Mut_1",74.0729221959948,0
"5M_1_7_chr10_87863347_87863348_NM_000314.6(PTEN):c.-1121A|T_NM_001126049.1_utr5_0_0_chr10_87862488_r_Ref_1",80.0543894991783,0
"5M_1_7_chr10_87863373_87863374_NM_000314.6(PTEN):c.-1095G|T_NM_001126049.1_utr5_0_0_chr10_87862488_r_Mut_1",85.1263359250308,0
"5M_1_7_chr10_87863373_87863374_NM_000314.6(PTEN):c.-1095G|T_NM_001126049.1_utr5_0_0_chr10_87862488_r_Ref_1",42.2972517849615,0
"5M_1_7_chr10_87863398_87863399_NM_000314.6(PTEN):c.-1070C|G_NM_001126049.1_utr5_0_0_chr10_87862488_r_Mut_1",40.7329808306616,0
"5M_1_7_chr10_87863406_87863407_NM_000314.6(PTEN):c.-1062C|T_NM_001126049.1_utr5_0_0_chr10_87862488_r_Mut_1",59.3392968330877,0
"5M_1_7_chr10_87863421_87863422_NM_000314.6(PTEN):c.-1047C|A_NM_001126049.1_utr5_0_0_chr10_87862488_r_Mut_1",59.7042975510905,0
"5M_1_7_chr10_87863424_87863425_NM_000314.6(PTEN):c.-1044T|A_NM_001126049.1_utr5_0_0_chr10_87862488_r_Mut_1",42.1739154279775,0
"5M_1_7_chr10_87863436_87863437_NM_000314.6(PTEN):c.-1032C|T_NM_001126049.1_utr5_0_0_chr10_87862488_r_Mut_1",110.299310458509,0
"5M_1_7_chr10_89251805_89251806_NM_000235.3(LIPA):c.-71C|A_NM_000235.3_utr5_9_0_chr10_89251737_r_Ref_1",14.9006001894503,0
"5M_1_7_chr10_89251814_89251815_NM_000235.3(LIPA):c.-80T|C_NM_000235.3_utr5_9_0_chr10_89251737_r_Mut_1",178.434683853699,0
"5M_1_7_chr10_89251857_89251858_NM_000235.3(LIPA):c.-123G|A_NM_000235.3_utr5_9_0_chr10_89251737_r_Mut_1",34.6098656161725,0
"5M_1_7_chr10_89251857_89251858_NM_000235.3(LIPA):c.-123G|A_NM_000235.3_utr5_9_0_chr10_89251737_r_Ref_1",35.1734515972611,0
"5M_1_7_chr10_90921128_90921129_NM_014391.2(ANKRD1):c.-102C|T_NM_014391.2_utr5_8_0_chr10_90921028_r_Ref_1",17.8729387960771,0
"5M_1_7_chr10_90921157_90921158_NM_014391.2(ANKRD1):c.-131C|G_NM_014391.2_utr5_8_0_chr10_90921028_r_Mut_1",33.7231922416857,0
"5M_1_7_chr10_90921157_90921158_NM_014391.2(ANKRD1):c.-131C|G_NM_014391.2_utr5_8_0_chr10_90921028_r_Ref_2",16.7761948357605,0
"5M_1_7_chr10_90921157_90921158_NM_014391.2(ANKRD1):c.-131C|T_NM_014391.2_utr5_8_0_chr10_90921028_r_Mut_1",59.0888416408135,0
"5M_1_7_chr10_95656756_95656757_NM_002860.3(ALDH18A1):c.-189T|C_NM_001323413.1_utr5_17_0_chr10_95656446_r_Mut_1",40.6625648146437,0
"5M_1_7_chr10_95656790_95656791_NM_002860.3(ALDH18A1):c.-223C|G_NM_001323413.1_utr5_17_0_chr10_95656446_r_Mut_1",12.9228258299506,0
"5M_1_7_chr10_98446853_98446854_NM_000195.4(HPS1):c.-153delG_NM_001322487.1_utr5_19_0_chr10_98446807_r_Mut_1",57.969673162872,0
"5M_1_7_chr10_98446853_98446854_NM_000195.4(HPS1):c.-153delG_NM_001322487.1_utr5_19_0_chr10_98446807_r_Ref_1",88.7689918156229,0
"5M_1_7_chr10_99732119_99732120_NM_004376.6(COX15):c.-71T|C_NM_001320976.1_utr5_8_0_chr10_99731960_r_Mut_1",49.0923062754416,0
"5M_1_7_chr10_99732119_99732120_NM_004376.6(COX15):c.-71T|C_NM_001320976.1_utr5_8_0_chr10_99731960_r_Ref_1",128.082042865124,0
"5M_1_7_chr10_99732132_99732133_NM_004376.6(COX15):c.-84G|A_NM_001320976.1_utr5_8_0_chr10_99731960_r_Mut_1",54.9961905812479,0
"5M_1_7_chr10_99732162_99732163_NM_004376.6(COX15):c.-114A|G_NM_001320976.1_utr5_8_0_chr10_99731960_r_Mut_1",99.8403363858476,0
"5M_1_7_chr10_99732162_99732163_NM_004376.6(COX15):c.-114A|G_NM_001320976.1_utr5_8_0_chr10_99731960_r_Ref_1",131.114635957546,0
"5M_1_7_chr10_99732181_99732182_NM_004376.6(COX15):c.-133T|C_NM_001320976.1_utr5_8_0_chr10_99731960_r_Mut_1",64.8731555526745,0
"5M_1_7_chr10_99732181_99732182_NM_004376.6(COX15):c.-133T|C_NM_001320976.1_utr5_8_0_chr10_99731960_r_Ref_1",58.7027499149705,0
"5M_1_7_chr10_99732355_99732356_NM_004376.6(COX15):c.-307C|G_NM_001320976.1_utr5_8_0_chr10_99731960_r_Mut_1",109.078830938361,0
"5M_1_7_chr10_99732355_99732356_NM_004376.6(COX15):c.-307C|G_NM_001320976.1_utr5_8_0_chr10_99731960_r_Ref_1",78.4987206447853,0
"5M_1_7_chr10_99732446_99732447_NM_004376.6(COX15):c.-398C|A_NM_001320976.1_utr5_8_0_chr10_99731960_r_Mut_1",15.4995526164928,0
"5M_1_7_chr10_99732446_99732447_NM_004376.6(COX15):c.-398C|A_NM_001320976.1_utr5_8_0_chr10_99731960_r_Ref_1",116.623543373422,0
"5M_1_7_chr11_101583846_101583847_NM_004621.5(TRPC6):c.-344C|G_NM_004621.5_utr5_12_0_chr11_101583504_r_Mut_1",17.0841406411518,0
"5M_1_7_chr11_101583846_101583847_NM_004621.5(TRPC6):c.-344C|G_NM_004621.5_utr5_12_0_chr11_101583504_r_Ref_1",23.3069603708572,0
"5M_1_7_chr11_101583908_101583909_NM_004621.5(TRPC6):c.-406C|A_NM_004621.5_utr5_12_0_chr11_101583504_r_Mut_1",285.226229579861,0
"5M_1_7_chr11_101583908_101583909_NM_004621.5(TRPC6):c.-406C|A_NM_004621.5_utr5_12_0_chr11_101583504_r_Ref_1",26.9074875303369,0
"5M_1_7_chr11_10294196_10294197_NM_030962.3(SBF2):c.-128C|T_NM_030962.3_utr5_39_0_chr11_10294070_r_Ref_4",33.0867902642852,0
"5M_1_7_chr11_110296477_110296478_NM_002906.3(RDX):c.-76C|T_NM_001260493.1_utr5_15_0_chr11_110296467_r_Ref_2",86.6381147363006,0
"5M_1_7_chr11_110296706_110296707_NM_002906.3(RDX):c.-305G|T_NM_001260493.1_utr5_15_0_chr11_110296467_r_Mut_1",34.4546023426372,0
"5M_1_7_chr11_118342643_118342644_NM_000732.4(CD3D):c.-37G|T_NM_000732.4_utr5_4_0_chr11_118342608_r_Mut_1",49.3259850626855,0
"5M_1_7_chr11_118342650_118342651_NM_000732.4(CD3D):c.-44G|A_NM_000732.4_utr5_4_0_chr11_118342608_r_Mut_1",18.8954705291032,0
"5M_1_7_chr11_118342652_118342653_NM_000732.4(CD3D):c.-46T|C_NM_000732.4_utr5_4_0_chr11_118342608_r_Mut_1",37.2136718886916,0
"5M_1_7_chr11_118342652_118342653_NM_000732.4(CD3D):c.-46T|C_NM_000732.4_utr5_4_0_chr11_118342608_r_Ref_3",75.0641854499092,0
"5M_1_7_chr11_118342699_118342700_NM_000732.4(CD3D):c.-93C|T_NM_000732.4_utr5_4_0_chr11_118342608_r_Mut_1",39.2378794465692,0
"5M_1_7_chr11_118342699_118342700_NM_000732.4(CD3D):c.-93C|T_NM_000732.4_utr5_4_0_chr11_118342608_r_Ref_2",87.9668350971101,0
"5M_1_7_chr11_118342734_118342735_NM_000732.4(CD3D):c.-128G|T_NM_000732.4_utr5_4_0_chr11_118342608_r_Mut_1",30.7196776022348,0
"5M_1_7_chr11_119029410_119029411_NM_001164277.1(SLC37A4):c.-42G|C_NM_001164280.1_utr5_8_0_chr11_119029370_r_Mut_1",66.1257408977697,0
"5M_1_7_chr11_119029418_119029419_NM_001164277.1(SLC37A4):c.-50T|G_NM_001164280.1_utr5_8_0_chr11_119029370_r_Mut_1",137.444953837803,0
"5M_1_7_chr11_119029418_119029419_NM_001164277.1(SLC37A4):c.-50T|G_NM_001164280.1_utr5_8_0_chr11_119029370_r_Ref_2",21.8563893013522,0
"5M_1_7_chr11_119030608_119030609_NM_001164277.1(SLC37A4):c.-573C|G_NM_001164277.1_utr5_9_0_chr11_119030232_r_Ref_1",43.5447910311953,0
"5M_1_7_chr11_119101806_119101807_NM_001382.3(DPAGT1):c.-152C|T_NM_001382.3_utr5_8_0_chr11_119101656_r_Mut_1",40.565011361702,0
"5M_1_7_chr11_119101806_119101807_NM_001382.3(DPAGT1):c.-152C|T_NM_001382.3_utr5_8_0_chr11_119101656_r_Ref_1",47.4786928551979,0
"5M_1_7_chr11_119101954_119101955_NM_001382.3(DPAGT1):c.-300C|T_NM_001382.3_utr5_8_0_chr11_119101656_r_Mut_1",29.3546766870143,1
"5M_1_7_chr11_119101954_119101955_NM_001382.3(DPAGT1):c.-300C|T_NM_001382.3_utr5_8_0_chr11_119101656_r_Ref_1",33.1040579986666,1
"5M_1_7_chr11_119341369_119341370_NM_015645.4(C1QTNF5):c.-719C|T_NM_015645.4_utr5_2_0_chr11_119340695_r_Mut_1",23.9406946009653,0
"5M_1_7_chr11_123654052_123654053_NM_018400.3(SCN3B):c.-252G|T_NM_018400.3_utr5_5_0_chr11_123653802_r_Mut_1",96.2962739406719,0
"5M_1_7_chr11_123654053_123654054_NM_018400.3(SCN3B):c.-253G|C_NM_018400.3_utr5_5_0_chr11_123653802_r_Mut_1",141.186581711517,0
"5M_1_7_chr11_123654053_123654054_NM_018400.3(SCN3B):c.-253G|C_NM_018400.3_utr5_5_0_chr11_123653802_r_Ref_1",32.3104800722786,0
"5M_1_7_chr11_123654261_123654262_NM_018400.3(SCN3B):c.-461delT_NM_018400.3_utr5_5_0_chr11_123653802_r_Mut_1",177.72376150922,0
"5M_1_7_chr11_123654289_123654290_NM_018400.3(SCN3B):c.-489G|T_NM_018400.3_utr5_5_0_chr11_123653802_r_Ref_1",51.1329830315619,0
"5M_1_7_chr11_128842430_128842431_NM_000220.4(KCNJ1):c.-14T|C_NM_000220.4_utr5_1_0_chr11_128842418_r_Mut_1",16.0328639621377,1
"5M_1_7_chr11_128842460_128842461_NM_000220.4(KCNJ1):c.-44T|A_NM_000220.4_utr5_1_0_chr11_128842418_r_Mut_1",74.5651444945307,1
"5M_1_7_chr11_128842460_128842461_NM_000220.4(KCNJ1):c.-44T|A_NM_000220.4_utr5_1_0_chr11_128842418_r_Ref_2",43.5750325947259,1
"5M_1_7_chr11_13495987_13495988_NM_000315.3(PTH):c.-83T|C_NM_000315.3_utr5_2_0_chr11_13495911_r_Mut_1",32.3420194818856,1
"5M_1_7_chr11_13495987_13495988_NM_000315.3(PTH):c.-83T|C_NM_000315.3_utr5_2_0_chr11_13495911_r_Ref_2",31.8099750217961,1
"5M_1_7_chr11_17388269_17388270_NM_000525.3(KCNJ11):c.-179C|T_NM_000525.3_utr5_0_0_chr11_17388092_r_Mut_1",28.54909471031,0
"5M_1_7_chr11_17388269_17388270_NM_000525.3(KCNJ11):c.-179C|T_NM_000525.3_utr5_0_0_chr11_17388092_r_Ref_1",35.7600103901971,0
"5M_1_7_chr11_17544366_17544367_NM_005709.3(USH1C):c.-60T|C_NM_005709.3_utr5_20_0_chr11_17544308_r_Ref_2",14.8226349845948,0
"5M_1_7_chr11_1763859_1763859_NM_001909.4(CTSD):c.-1_1insGCC_NM_001909.4_utr5_8_0_chr11_1763860_r_Ref_1",20.8479925244636,0
"5M_1_7_chr11_1763990_1763990_NM_001909.4(CTSD):c.-132_-131insCCCGC_NM_001909.4_utr5_8_0_chr11_1763860_r_Ref_1",20.3055466092323,0
"5M_1_7_chr11_18322092_18322093_NM_181507.1(HPS5):c.-197C|T_NM_181507.1_utr5_22_0_chr11_18321946_r_Mut_1",40.3717339841457,1
"5M_1_7_chr11_18322092_18322093_NM_181507.1(HPS5):c.-197C|T_NM_181507.1_utr5_22_0_chr11_18321946_r_Ref_1",50.6727853444104,0
"5M_1_7_chr11_18322158_18322159_NM_181507.1(HPS5):c.-263A|G_NM_181507.1_utr5_22_0_chr11_18321946_r_Mut_1",108.056551352521,0
"5M_1_7_chr11_18322158_18322159_NM_181507.1(HPS5):c.-263A|G_NM_181507.1_utr5_22_0_chr11_18321946_r_Ref_1",46.7204022945962,0
"5M_1_7_chr11_19210489_19210490_NM_003476.4(CSRP3):c.-158A|G_NM_003476.4_utr5_6_0_chr11_19210450_r_Mut_1",15.0243710205533,0
"5M_1_7_chr11_19210494_19210495_NM_003476.4(CSRP3):c.-163A|G_NM_003476.4_utr5_6_0_chr11_19210450_r_Mut_1",44.7196259963759,0
"5M_1_7_chr11_19210494_19210495_NM_003476.4(CSRP3):c.-163A|G_NM_003476.4_utr5_6_0_chr11_19210450_r_Ref_5",18.5038194460712,0
"5M_1_7_chr11_19210512_19210513_NM_003476.4(CSRP3):c.-181delC_NM_003476.4_utr5_6_0_chr11_19210450_r_Mut_1",309.717207802,0
"5M_1_7_chr11_19210512_19210513_NM_003476.4(CSRP3):c.-181delC_NM_003476.4_utr5_6_0_chr11_19210450_r_Ref_1",32.467711928422,0
"5M_1_7_chr11_19210513_19210514_NM_003476.4(CSRP3):c.-182delT_NM_003476.4_utr5_6_0_chr11_19210450_r_Mut_1",36.6971752270289,0
"5M_1_7_chr11_19210513_19210514_NM_003476.4(CSRP3):c.-182delT_NM_003476.4_utr5_6_0_chr11_19210450_r_Ref_2",12.9879828011832,0
"5M_1_7_chr11_2161057_2161058_NM_000207.2(INS):c.-17-70G|A_NM_001185098.1_utr5_1_0_chr11_2160972_r_Mut_1",25.0038304537333,0
"5M_1_7_chr11_2161057_2161058_NM_000207.2(INS):c.-17-70G|A_NM_001185098.1_utr5_1_0_chr11_2160972_r_Ref_1",59.8735330520491,0
"5M_1_7_chr11_2161105_2161106_NM_000207.2(INS):c.-18+62C|T_NM_001185098.1_utr5_1_0_chr11_2160972_r_Ref_1",327.248838772678,0
"5M_1_7_chr11_2161164_2161165_NM_000207.2(INS):c.-18+3C|G_NM_001185098.1_utr5_1_0_chr11_2160972_r_Mut_1",31.3778393221477,0
"5M_1_7_chr11_2661954_2661955_NM_000218.2(KCNQ1):c.1394-6C|T_ENST00000597346.1_utr5_0_0_chr11_2608328_r_Mut_1",61.8604138809456,0
"5M_1_7_chr11_2661954_2661955_NM_000218.2(KCNQ1):c.1394-6C|T_ENST00000597346.1_utr5_0_0_chr11_2608328_r_Ref_1",60.8623786858043,0
"5M_1_7_chr11_31801556_31801557_NM_000280.4(PAX6):c.357+4A|T_NM_001310160.1_utr5_7_0_chr11_31801230_r_Mut_1",51.7800056369732,0
"5M_1_7_chr11_31801556_31801557_NM_000280.4(PAX6):c.357+4A|T_NM_001310160.1_utr5_7_0_chr11_31801230_r_Ref_1",21.701105346076,0
"5M_1_7_chr11_34916301_34916302_NM_003477.2(PDHX):c.-354C|T_NM_015957.3_utr5_6_0_chr11_34916285_r_Mut_1",19.2943242573153,0
"5M_1_7_chr11_34916301_34916302_NM_003477.2(PDHX):c.-354C|T_NM_015957.3_utr5_6_0_chr11_34916285_r_Ref_3",46.8760732280256,0
"5M_1_7_chr11_36598224_36598225_NM_000536.3(RAG2):c.-151A|C_NM_001243786.1_utr5_2_0_chr11_36598102_r_Mut_1",33.615899264606,0
"5M_1_7_chr11_36598224_36598225_NM_000536.3(RAG2):c.-151A|C_NM_001243786.1_utr5_2_0_chr11_36598102_r_Ref_1",23.4481822605624,0
"5M_1_7_chr11_45917877_45917878_NM_004813.2(PEX16):c.-67C|A_NM_004813.2_utr5_10_0_chr11_45917812_r_Mut_1",11.6283066504415,0
"5M_1_7_chr11_45917877_45917878_NM_004813.2(PEX16):c.-67C|A_NM_004813.2_utr5_10_0_chr11_45917812_r_Ref_1",95.9986241529599,0
"5M_1_7_chr11_45917974_45917975_NM_004813.2(PEX16):c.-164G|T_NM_004813.2_utr5_10_0_chr11_45917812_r_Mut_1",178.587774215764,0
"5M_1_7_chr11_45917974_45917975_NM_004813.2(PEX16):c.-164G|T_NM_004813.2_utr5_10_0_chr11_45917812_r_Ref_1",72.8573463021538,0
"5M_1_7_chr11_47449041_47449042_NM_005055.4(RAPSN):c.-78G|A_NM_005055.4_utr5_7_0_chr11_47448965_r_Mut_1",33.7152145088703,0
"5M_1_7_chr11_47449041_47449042_NM_005055.4(RAPSN):c.-78G|A_NM_005055.4_utr5_7_0_chr11_47448965_r_Ref_1",20.591621519874,0
"5M_1_7_chr11_47449076_47449077_NM_005055.4(RAPSN):c.-113C|T_NM_005055.4_utr5_7_0_chr11_47448965_r_Mut_1",17.5502156773623,1
"5M_1_7_chr11_47449076_47449077_NM_005055.4(RAPSN):c.-113C|T_NM_005055.4_utr5_7_0_chr11_47448965_r_Ref_1",120.99300559245,0
"5M_1_7_chr11_47449081_47449082_NM_005055.4(RAPSN):c.-118C|A_NM_005055.4_utr5_7_0_chr11_47448965_r_Mut_1",122.730561960387,0
"5M_1_7_chr11_47449081_47449082_NM_005055.4(RAPSN):c.-118C|A_NM_005055.4_utr5_7_0_chr11_47448965_r_Ref_1",46.4303913571285,0
"5M_1_7_chr11_47449153_47449154_NM_005055.4(RAPSN):c.-190A|G_NM_005055.4_utr5_7_0_chr11_47448965_r_Mut_1",67.4321666898831,0
"5M_1_7_chr11_5234612_5234613_NM_000519.3(HBD):c.-180A|G_NM_000519.3_utr5_2_0_chr11_5234434_r_Ref_1",28.9763851464333,1
"5M_1_7_chr11_5254938_5254939_NM_000184.2(HBG2):c.-211C|T_ENST00000380259.6_utr5_2_0_chr11_5254729_r_Mut_1",37.4052886783206,0
"5M_1_7_chr11_5254938_5254939_NM_000184.2(HBG2):c.-211C|T_ENST00000380259.6_utr5_2_0_chr11_5254729_r_Ref_1",45.317986112464,0
"5M_1_7_chr11_61362041_61362042_NM_016464.4(TMEM138):c.-518C|T_NM_001161454.1_utr5_7_0_chr11_61361733_r_Mut_1",57.5733579975421,0
"5M_1_7_chr11_61362041_61362042_NM_016464.4(TMEM138):c.-518C|T_NM_001161454.1_utr5_7_0_chr11_61361733_r_Ref_1",41.2109842813623,0
"5M_1_7_chr11_61967426_61967427_NM_002032.2(FTH1):c.-2C|T_NM_002032.2_utr5_3_0_chr11_61967426_r_Mut_1",27.9411383946149,0
"5M_1_7_chr11_61967645_61967646_NM_002032.2(FTH1):c.-221G|A_NM_002032.2_utr5_3_0_chr11_61967426_r_Ref_3",275.033805662589,0
"5M_1_7_chr11_62705520_62705521_NM_032667.6(BSCL2):c.-9C|T_NM_032667.6_utr5_9_0_chr11_62705513_r_Mut_1",91.9400860502494,0
"5M_1_7_chr11_62705573_62705574_NM_032667.6(BSCL2):c.-62G|A_NM_032667.6_utr5_9_0_chr11_62705513_r_Mut_1",142.26471924638,0
"5M_1_7_chr11_64760043_64760044_NM_005609.3(PYGM):c.-146C|A_NM_005609.2_utr5_19_0_chr11_64759899_r_Ref_1",16.5592037516131,0
"5M_1_7_chr11_64760131_64760132_NM_005609.3(PYGM):c.-234C|T_NM_005609.2_utr5_19_0_chr11_64759899_r_Ref_1",191.390850843149,0
"5M_1_7_chr11_64810266_64810267_NM_000244.3(MEN1):c.-23-135G|A_ENST00000377326.7_utr5_8_0_chr11_64810110_r_Mut_1",61.8897642019138,0
"5M_1_7_chr11_64810266_64810267_NM_000244.3(MEN1):c.-23-135G|A_ENST00000377326.7_utr5_8_0_chr11_64810110_r_Ref_1",55.0406139483491,0
"5M_1_7_chr11_64810626_64810627_NM_130799.2(MEN1):c.-24+3G|A_NM_130802.2_utr5_9_0_chr11_64810268_r_Ref_1",41.0962337549872,0
"5M_1_7_chr11_64810699_64810700_NM_130799.2(MEN1):c.-94G|A_NM_130802.2_utr5_9_0_chr11_64810268_r_Mut_1",220.299954242978,0
"5M_1_7_chr11_64810711_64810712_NM_130799.2(MEN1):c.-106T|C_NM_130802.2_utr5_9_0_chr11_64810268_r_Mut_1",85.14413807562,0
"5M_1_7_chr11_64810711_64810712_NM_130799.2(MEN1):c.-106T|C_NM_130802.2_utr5_9_0_chr11_64810268_r_Ref_2",63.3477251428167,0
"5M_1_7_chr11_65720430_65720431_NM_032193.3(RNASEH2C):c.173-14G|A_ENST00000528220.1_utr5_2_0_chr11_65720341_r_Mut_1",71.9275127591821,0
"5M_1_7_chr11_65720430_65720431_NM_032193.3(RNASEH2C):c.173-14G|A_ENST00000528220.1_utr5_2_0_chr11_65720341_r_Ref_1",87.4367143210016,0
"5M_1_7_chr11_65720784_65720785_NM_032193.3(RNASEH2C):c.-27G|T_NM_032193.3_utr5_3_0_chr11_65720759_r_Mut_1",96.3636826803406,0
"5M_1_7_chr11_65720784_65720785_NM_032193.3(RNASEH2C):c.-27G|T_NM_032193.3_utr5_3_0_chr11_65720759_r_Ref_1",65.8994022309188,0
"5M_1_7_chr11_65720846_65720847_NM_032193.3(RNASEH2C):c.-89C|G_NM_032193.3_utr5_3_0_chr11_65720759_r_Mut_1",57.433363235893,0
"5M_1_7_chr11_65720846_65720847_NM_032193.3(RNASEH2C):c.-89C|G_NM_032193.3_utr5_3_0_chr11_65720759_r_Ref_1",125.92844382398,0
"5M_1_7_chr11_65720914_65720915_NM_032193.3(RNASEH2C):c.-157C|A_NM_032193.3_utr5_3_0_chr11_65720759_r_Mut_1",180.185673165485,0
"5M_1_7_chr11_65720914_65720915_NM_032193.3(RNASEH2C):c.-157C|A_NM_032193.3_utr5_3_0_chr11_65720759_r_Ref_1",157.012382472952,0
"5M_1_7_chr11_66002100_66002101_NM_001143985.1(BANF1):c.-429G|C_NM_001242481.1_utr5_5_0_chr11_66001910_r_Mut_1",37.0513205806704,0
"5M_1_7_chr11_66002100_66002101_NM_001143985.1(BANF1):c.-429G|C_NM_001242481.1_utr5_5_0_chr11_66001910_r_Ref_1",135.985603725115,0
"5M_1_7_chr11_66002114_66002116_NM_001143985.1(BANF1):c.-415_-414dupAG_NM_001242481.1_utr5_5_0_chr11_66001910_r_Mut_1",44.9054394327295,0
"5M_1_7_chr11_66002114_66002116_NM_001143985.1(BANF1):c.-415_-414dupAG_NM_001242481.1_utr5_5_0_chr11_66001910_r_Ref_1",12.8204957425301,0
"5M_1_7_chr11_66002121_66002122_NM_001143985.1(BANF1):c.-408C|T_NM_001242481.1_utr5_5_0_chr11_66001910_r_Ref_2",17.053424151406,0
"5M_1_7_chr11_71448352_71448353_NM_001360.2(DHCR7):c.-195G|T_NM_001360.2_utr5_8_0_chr11_71448290_r_Ref_1",36.682979813335,0
"5M_1_7_chr11_72080501_72080502_NM_001145308.4(LRTOMT):c.-705A|G_NM_001286561.1_utr5_26_0_chr11_72080458_r_Mut_1",44.5177489113228,0
"5M_1_7_chr11_72080501_72080502_NM_001145308.4(LRTOMT):c.-705A|G_NM_001286561.1_utr5_26_0_chr11_72080458_r_Ref_2",22.1151060911004,0
"5M_1_7_chr11_795077_795078_NM_024698.5(SLC25A22):c.-72T|A_NM_024698.5_utr5_8_0_chr11_795007_r_Mut_1",35.4978785466044,0
"5M_1_7_chr11_795160_795161_NM_024698.5(SLC25A22):c.-155T|C_NM_024698.5_utr5_8_0_chr11_795007_r_Mut_1",46.8526527418038,0
"5M_1_7_chr11_796085_796086_NM_024698.5(SLC25A22):c.-207G|C_NM_024698.5_utr5_9_0_chr11_796043_r_Mut_1",47.761431044733,0
"5M_1_7_chr11_796085_796086_NM_024698.5(SLC25A22):c.-207G|C_NM_024698.5_utr5_9_0_chr11_796043_r_Ref_4",87.0698080125782,0
"5M_1_7_chr11_796194_796195_NM_024698.5(SLC25A22):c.-316C|T_NM_024698.5_utr5_9_0_chr11_796043_r_Mut_1",29.1939540785244,0
"5M_1_7_chr11_796194_796195_NM_024698.5(SLC25A22):c.-316C|T_NM_024698.5_utr5_9_0_chr11_796043_r_Ref_1",15.6600557184108,0
"5M_1_7_chr11_796195_796196_NM_024698.5(SLC25A22):c.-317C|G_NM_024698.5_utr5_9_0_chr11_796043_r_Mut_1",406.718951968381,0
"5M_1_7_chr11_796195_796196_NM_024698.5(SLC25A22):c.-317C|G_NM_024698.5_utr5_9_0_chr11_796043_r_Ref_1",31.7419347499734,0
"5M_1_7_chr11_88337694_88337695_NM_001814.5(CTSC):c.-23C|G_NM_001814.5_utr5_6_0_chr11_88337673_r_Mut_1",15.65624786288,0
"5M_1_7_chr11_94493782_94493783_NM_005591.3(MRE11):c.-106+8C|T_NM_005590.3_utr5_18_0_chr11_94493684_r_Mut_1",38.5282689626351,1
"5M_1_7_chr11_94493782_94493783_NM_005591.3(MRE11):c.-106+8C|T_NM_005590.3_utr5_18_0_chr11_94493684_r_Ref_1",25.9517463465797,1
"5M_1_7_chr11_95924035_95924036_NM_016156.5(MTMR2):c.-82C|T_NM_001243571.1_utr5_17_0_chr11_95923875_r_Mut_1",60.4442642854801,0
"5M_1_7_chr11_95924035_95924036_NM_016156.5(MTMR2):c.-82C|T_NM_001243571.1_utr5_17_0_chr11_95923875_r_Ref_1",23.1937042682941,0
"5M_1_7_chr12_101739396_101739397_NM_153694.4(SYCP3):c.-60C|T_NM_001177949.1_utr5_8_0_chr12_101739351_r_Mut_1",58.9682233992159,0
"5M_1_7_chr12_102917361_102917362_NM_000277.2(PAH):c.-232C|G_NM_000277.1_utr5_12_0_chr12_102917131_r_Mut_1",74.1257088737643,0
"5M_1_7_chr12_102917361_102917362_NM_000277.2(PAH):c.-232C|G_NM_000277.1_utr5_12_0_chr12_102917131_r_Ref_1",145.393193229534,0
"5M_1_7_chr12_109573854_109573855_NM_000431.3(MVK):c.-33G|A_ENST00000545712.6_utr5_8_0_chr12_109573481_r_Mut_1",197.036114447095,0
"5M_1_7_chr12_109573854_109573855_NM_000431.3(MVK):c.-33G|A_ENST00000545712.6_utr5_8_0_chr12_109573481_r_Ref_3",98.2394996026458,0
"5M_1_7_chr12_114408121_114408122_NM_000192.3(TBX5):c.-347C|G_NM_000192.3_utr5_8_0_chr12_114407814_r_Mut_1",53.6043621925353,1
"5M_1_7_chr12_114683408_114683409_NM_005996.3(TBX3):c.-209G|A_NM_016569.3_utr5_7_0_chr12_114683201_r_Mut_1",47.6652600462037,1
"5M_1_7_chr12_114683408_114683409_NM_005996.3(TBX3):c.-209G|A_NM_016569.3_utr5_7_0_chr12_114683201_r_Ref_1",30.9408809763151,1
"5M_1_7_chr12_114683474_114683475_NM_005996.3(TBX3):c.-275A|G_NM_016569.3_utr5_7_0_chr12_114683201_r_Mut_1",64.4887402132555,1
"5M_1_7_chr12_114683474_114683475_NM_005996.3(TBX3):c.-275A|G_NM_016569.3_utr5_7_0_chr12_114683201_r_Ref_1",54.9956575335878,1
"5M_1_7_chr12_114683525_114683526_NM_005996.3(TBX3):c.-326G|T_NM_016569.3_utr5_7_0_chr12_114683201_r_Mut_1",31.1627591913857,1
"5M_1_7_chr12_114683525_114683526_NM_005996.3(TBX3):c.-326G|T_NM_016569.3_utr5_7_0_chr12_114683201_r_Ref_1",51.4095474219358,1
"5M_1_7_chr12_114683640_114683641_NM_005996.3(TBX3):c.-441C|G_NM_016569.3_utr5_7_0_chr12_114683201_r_Mut_1",27.589741001324,0
"5M_1_7_chr12_114683640_114683641_NM_005996.3(TBX3):c.-441C|G_NM_016569.3_utr5_7_0_chr12_114683201_r_Ref_1",24.5417701846158,0
"5M_1_7_chr12_114683713_114683717_NM_005996.3(TBX3):c.-517_-514delCGAG_NM_016569.3_utr5_7_0_chr12_114683201_r_Ref_1",23.4546036359513,0
"5M_1_7_chr12_114683767_114683768_NM_005996.3(TBX3):c.-568T|A_NM_016569.3_utr5_7_0_chr12_114683201_r_Mut_1",55.319114907069,1
"5M_1_7_chr12_114684072_114684072_NM_005996.3(TBX3):c.-873_-872insTT_NM_016569.3_utr5_7_0_chr12_114683201_r_Mut_1",23.9146363983461,1
"5M_1_7_chr12_114684072_114684072_NM_005996.3(TBX3):c.-873_-872insTT_NM_016569.3_utr5_7_0_chr12_114683201_r_Ref_1",34.8865278999496,1
"5M_1_7_chr12_123633626_123633627_NM_001414.3(EIF2B1):c.-70C|T_NM_001414.3_utr5_8_0_chr12_123633558_r_Mut_1",50.6150567182684,0
"5M_1_7_chr12_123633702_123633703_NM_001414.3(EIF2B1):c.-146A|C_NM_001414.3_utr5_8_0_chr12_123633558_r_Mut_1",115.56647621797,0
"5M_1_7_chr12_123633702_123633703_NM_001414.3(EIF2B1):c.-146A|C_NM_001414.3_utr5_8_0_chr12_123633558_r_Ref_1",48.1562733474006,0
"5M_1_7_chr12_123633749_123633750_NM_001414.3(EIF2B1):c.-193G|T_NM_001414.3_utr5_8_0_chr12_123633558_r_Mut_1",49.4766449080016,0
"5M_1_7_chr12_123633749_123633750_NM_001414.3(EIF2B1):c.-193G|T_NM_001414.3_utr5_8_0_chr12_123633558_r_Ref_3",83.3915682955146,0
"5M_1_7_chr12_123708299_123708300_NM_024809.4(TCTN2):c.*587C|T_ENST00000538837.1_utr5_1_0_chr12_123708242_r_Mut_1",236.148389898323,0
"5M_1_7_chr12_123708299_123708300_NM_024809.4(TCTN2):c.*587C|T_ENST00000538837.1_utr5_1_0_chr12_123708242_r_Ref_1",22.4793758975054,0
"5M_1_7_chr12_132687361_132687362_NM_006231.3(POLE):c.-44-3G|T_NM_006231.3_utr5_48_0_chr12_132687316_r_Mut_1",86.2647472422385,0
"5M_1_7_chr12_14885907_14885908_NM_000900.4(MGP):c.-117C|T_NM_001190839.1_utr5_4_0_chr12_14885792_r_Mut_1",25.6574872534127,0
"5M_1_7_chr12_14885907_14885908_NM_000900.4(MGP):c.-117C|T_NM_001190839.1_utr5_4_0_chr12_14885792_r_Ref_1",199.918381524158,0
"5M_1_7_chr12_1918646_1918647_NM_172364.4(CACNA2D4):c.-174C|T_NM_172364.4_utr5_37_0_chr12_1918474_r_Mut_1",91.6243925734074,1
"5M_1_7_chr12_1918646_1918647_NM_172364.4(CACNA2D4):c.-174C|T_NM_172364.4_utr5_37_0_chr12_1918474_r_Ref_1",36.8174965468327,1
"5M_1_7_chr12_21604810_21604811_NM_021957.3(GYS2):c.-219T|G_NM_021957.3_utr5_15_0_chr12_21604593_r_Mut_1",40.6730672035292,0
"5M_1_7_chr12_21604831_21604832_NM_021957.3(GYS2):c.-240A|G_NM_021957.3_utr5_15_0_chr12_21604593_r_Mut_1",263.545158904453,0
"5M_1_7_chr12_21604831_21604832_NM_021957.3(GYS2):c.-240A|G_NM_021957.3_utr5_15_0_chr12_21604593_r_Ref_2",23.9232047134794,0
"5M_1_7_chr12_21657852_21657853_NM_002300.7(LDHB):c.-109C|T_NM_001315537.1_utr5_7_0_chr12_21657751_r_Mut_1",124.585146446547,0
"5M_1_7_chr12_21657852_21657853_NM_002300.7(LDHB):c.-109C|T_NM_001315537.1_utr5_7_0_chr12_21657751_r_Ref_2",41.7330417342691,0
"5M_1_7_chr12_2695796_2695797_NM_000719.6(CACNA1C):c.*4598A|G_ENST00000636122.1_utr5_0_0_chr12_2695765_r_Mut_1",21.3382265804674,1
"5M_1_7_chr12_2695796_2695797_NM_000719.6(CACNA1C):c.*4598A|G_ENST00000636122.1_utr5_0_0_chr12_2695765_r_Ref_1",65.5722335524149,1
"5M_1_7_chr12_39443116_39443117_NM_017641.3(KIF21A):c.-147C|A_NM_001173464.1_utr5_37_0_chr12_39442971_r_Ref_1",96.8970499060441,0
"5M_1_7_chr12_42589661_42589662_NM_153026.2(PRICKLE1):c.-246G|A_NM_153026.2_utr5_7_0_chr12_42589465_r_Ref_1",90.9488009453417,0
"5M_1_7_chr12_4379604_4379605_NM_020638.2(FGF23):c.-23C|T_NM_020638.2_utr5_2_0_chr12_4379583_r_Mut_1",40.9187077159753,0
"5M_1_7_chr12_4379604_4379605_NM_020638.2(FGF23):c.-23C|T_NM_020638.2_utr5_2_0_chr12_4379583_r_Ref_2",47.902164341663,0
"5M_1_7_chr12_47899898_47899899_NM_001017535.1(VDR):c.-146C|T_NM_001017535.1_utr5_9_0_chr12_47899837_r_Mut_1",54.1113880424948,0
"5M_1_7_chr12_47899898_47899899_NM_001017535.1(VDR):c.-146C|T_NM_001017535.1_utr5_9_0_chr12_47899837_r_Ref_1",169.359544799847,0
"5M_1_7_chr12_47899954_47899955_NM_001017535.1(VDR):c.-202T|C_NM_001017535.1_utr5_9_0_chr12_47899837_r_Mut_1",36.4799846960832,0
"5M_1_7_chr12_47899954_47899955_NM_001017535.1(VDR):c.-202T|C_NM_001017535.1_utr5_9_0_chr12_47899837_r_Ref_1",84.1688318017153,0
"5M_1_7_chr12_48004335_48004336_NM_001844.4(COL2A1):c.-15G|T_NM_001844.4_utr5_53_0_chr12_48004322_r_Ref_1",95.0800299321169,0
"5M_1_7_chr12_49296553_49296554_NM_006262.3(PRPH):c.702+27T|C_ENST00000553259.1_utr5_2_0_chr12_49295260_r_Mut_1",23.708785802866,0
"5M_1_7_chr12_49296553_49296554_NM_006262.3(PRPH):c.702+27T|C_ENST00000553259.1_utr5_2_0_chr12_49295260_r_Ref_1",16.0948413802141,0
"5M_1_7_chr12_49296875_49296876_NM_006262.3(PRPH):c.703-13C|T_ENST00000553259.1_utr5_3_0_chr12_49296716_r_Mut_1",16.99103840397,0
"5M_1_7_chr12_49296875_49296876_NM_006262.3(PRPH):c.703-13C|T_ENST00000553259.1_utr5_3_0_chr12_49296716_r_Ref_1",361.375917613637,0
"5M_1_7_chr12_49955710_49955711_NM_000486.5(AQP2):c.*103A|G_ENST00000552806.1_utr5_1_0_chr12_49955585_r_Mut_1",23.1473819188685,0
"5M_1_7_chr12_49955710_49955711_NM_000486.5(AQP2):c.*103A|G_ENST00000552806.1_utr5_1_0_chr12_49955585_r_Ref_1",34.4471100594351,0
"5M_1_7_chr12_49956092_49956093_NM_000486.5(AQP2):c.*485C|T_ENST00000552806.1_utr5_1_0_chr12_49955585_r_Mut_1",110.031949443864,0
"5M_1_7_chr12_49956092_49956093_NM_000486.5(AQP2):c.*485C|T_ENST00000552806.1_utr5_1_0_chr12_49955585_r_Ref_1",18.5438307941575,0
"5M_1_7_chr12_51026320_51026321_NM_000617.2(SLC11A2):c.-50G|A_NM_001174126.1_utr5_16_0_chr12_51026310_r_Mut_1",47.8565415065754,0
"5M_1_7_chr12_51026320_51026321_NM_000617.2(SLC11A2):c.-50G|A_NM_001174126.1_utr5_16_0_chr12_51026310_r_Ref_2",62.7247511327054,0
"5M_1_7_chr12_51809912_51809913_NM_014191.3(SCN8A):c.*2484C|T_ENST00000565518.1_utr5_0_0_chr12_51809705_r_Mut_1",22.0744465013291,1
"5M_1_7_chr12_51809912_51809913_NM_014191.3(SCN8A):c.*2484C|T_ENST00000565518.1_utr5_0_0_chr12_51809705_r_Ref_1",38.178432928542,1
"5M_1_7_chr12_51810090_51810091_NM_014191.3(SCN8A):c.*2662T|C_ENST00000565518.1_utr5_0_0_chr12_51809705_r_Mut_1",98.0796877754785,0
"5M_1_7_chr12_51810090_51810091_NM_014191.3(SCN8A):c.*2662T|C_ENST00000565518.1_utr5_0_0_chr12_51809705_r_Ref_1",30.0710386525714,0
"5M_1_7_chr12_51810260_51810261_NM_014191.3(SCN8A):c.*2832A|T_ENST00000565518.1_utr5_0_0_chr12_51809705_r_Mut_1",68.0339232547335,1
"5M_1_7_chr12_53321537_53321538_NM_015665.5(AAAS):c.-73G|A_NM_015665.5_utr5_15_0_chr12_53321466_r_Mut_1",17.9021030337983,1
"5M_1_7_chr12_53321537_53321538_NM_015665.5(AAAS):c.-73G|A_NM_015665.5_utr5_15_0_chr12_53321466_r_Ref_1",42.2671477926157,1
"5M_1_7_chr12_55707739_55707740_NM_002206.2(ITGA7):c.-58G|A_NM_001144996.1_utr5_24_0_chr12_55707683_r_Mut_1",274.233752787101,0
"5M_1_7_chr12_55707739_55707740_NM_002206.2(ITGA7):c.-58G|A_NM_001144996.1_utr5_24_0_chr12_55707683_r_Ref_1",71.7799815266228,0
"5M_1_7_chr12_55707832_55707833_NM_002206.2(ITGA7):c.-151G|T_NM_001144996.1_utr5_24_0_chr12_55707683_r_Mut_1",12.227530226991,0
"5M_1_7_chr12_57050029_57050030_NM_005379.3(MYO1A):c.-164C|G_NM_005379.3_utr5_27_0_chr12_57049887_r_Ref_1",24.551290244092,1
"5M_1_7_chr12_57050057_57050060_NM_005379.3(MYO1A):c.-194_-192delGAC_NM_005379.3_utr5_27_0_chr12_57049887_r_Mut_1",19.1011289383851,1
"5M_1_7_chr12_57752209_57752210_NM_000075.3(CDK4):c.-55A|T_NM_000075.3_utr5_7_0_chr12_57752175_r_Mut_1",34.1536710846542,0
"5M_1_7_chr12_57752209_57752210_NM_000075.3(CDK4):c.-55A|T_NM_000075.3_utr5_7_0_chr12_57752175_r_Ref_2",47.3329112170684,0
"5M_1_7_chr12_57752325_57752326_NM_000075.3(CDK4):c.-171G|A_NM_000075.3_utr5_7_0_chr12_57752175_r_Mut_1",61.2215637606949,0
"5M_1_7_chr12_57752325_57752326_NM_000075.3(CDK4):c.-171G|A_NM_000075.3_utr5_7_0_chr12_57752175_r_Ref_1",34.8983665527005,0
"5M_1_7_chr12_57767062_57767063_NM_000785.3(CYP27B1):c.-22C|G_NM_000785.3_utr5_8_0_chr12_57767042_r_Mut_1",18.8022398639159,1
"5M_1_7_chr12_57767062_57767063_NM_000785.3(CYP27B1):c.-22C|G_NM_000785.3_utr5_8_0_chr12_57767042_r_Ref_1",65.3394270242101,1
"5M_1_7_chr12_66679061_66679062_NM_021150.3(GRIP1):c.-158G|A_NM_021150.3_utr5_23_0_chr12_66678905_r_Mut_1",51.9615243633091,0
"5M_1_7_chr12_66679061_66679062_NM_021150.3(GRIP1):c.-158G|A_NM_021150.3_utr5_23_0_chr12_66678905_r_Ref_1",16.4981390900082,0
"5M_1_7_chr12_66679068_66679069_NM_021150.3(GRIP1):c.-165A|C_NM_021150.3_utr5_23_0_chr12_66678905_r_Mut_1",45.7387156839209,0
"5M_1_7_chr12_66679068_66679069_NM_021150.3(GRIP1):c.-165A|C_NM_021150.3_utr5_23_0_chr12_66678905_r_Ref_1",59.6304817463807,0
"5M_1_7_chr12_66679075_66679076_NM_021150.3(GRIP1):c.-172A|G_NM_021150.3_utr5_23_0_chr12_66678905_r_Ref_1",47.7951393454885,0
"5M_1_7_chr12_68159616_68159617_NM_000619.2(IFNG):c.-2C|A_NM_000619.2_utr5_3_0_chr12_68159616_r_Mut_1",44.62799428359,0
"5M_1_7_chr12_68159619_68159620_NM_000619.2(IFNG):c.-5A|G_NM_000619.2_utr5_3_0_chr12_68159616_r_Mut_1",17.0572517444505,0
"5M_1_7_chr12_68159619_68159620_NM_000619.2(IFNG):c.-5A|G_NM_000619.2_utr5_3_0_chr12_68159616_r_Ref_4",22.2085150543897,0
"5M_1_7_chr12_69353548_69353549_NM_000239.2(LYZ):c.*330C|T_ENST00000548900.1_utr5_0_0_chr12_69353493_r_Ref_2",102.468878672165,0
"5M_1_7_chr12_69353549_69353550_NM_000239.2(LYZ):c.*331G|A_ENST00000548900.1_utr5_0_0_chr12_69353493_r_Mut_1",30.8308289410376,0
"5M_1_7_chr12_69354032_69354033_NM_000239.2(LYZ):c.*814C|A_ENST00000548900.1_utr5_1_0_chr12_69353743_r_Mut_1",28.3356905721343,1
"5M_1_7_chr12_69354032_69354033_NM_000239.2(LYZ):c.*814C|A_ENST00000548900.1_utr5_1_0_chr12_69353743_r_Ref_1",17.6291956003477,1
"5M_1_7_chr12_88141904_88141905_NM_025114.3(CEP290):c.-33G|T_NM_025114.3_utr5_53_0_chr12_88141900_r_Mut_1",94.1774351563809,0
"5M_1_7_chr12_88141989_88141990_NM_025114.3(CEP290):c.-118C|G_NM_025114.3_utr5_53_0_chr12_88141900_r_Ref_1",137.600827603859,0
"5M_1_7_chr12_88142079_88142080_NM_025114.3(CEP290):c.-208C|T_NM_025114.3_utr5_53_0_chr12_88141900_r_Mut_1",249.01562165412,0
"5M_1_7_chr12_88142079_88142080_NM_025114.3(CEP290):c.-208C|T_NM_025114.3_utr5_53_0_chr12_88141900_r_Ref_1",42.4070410528526,0
"5M_1_7_chr12_88142166_88142167_NM_025114.3(CEP290):c.-295T|C_NM_025114.3_utr5_53_0_chr12_88141900_r_Mut_1",57.8927975857414,0
"5M_1_7_chr12_88142166_88142167_NM_025114.3(CEP290):c.-295T|C_NM_025114.3_utr5_53_0_chr12_88141900_r_Ref_1",25.570991265611,0
"5M_1_7_chr12_91182807_91182808_NM_001920.4(DCN):c.-187A|G_NM_001920.4_utr5_7_0_chr12_91182655_r_Mut_1",166.400053053895,1
"5M_1_7_chr12_91182807_91182808_NM_001920.4(DCN):c.-187A|G_NM_001920.4_utr5_7_0_chr12_91182655_r_Ref_1",11.2294631039215,1
"5M_1_7_chr12_91182927_91182928_NM_001920.4(DCN):c.-307A|G_NM_001920.4_utr5_7_0_chr12_91182655_r_Mut_1",20.0220819273222,1
"5M_1_7_chr12_91182927_91182928_NM_001920.4(DCN):c.-307A|G_NM_001920.4_utr5_7_0_chr12_91182655_r_Ref_1",45.9222148386149,1
"5M_1_7_chr12_95996103_95996104_NM_002108.3(HAL):c.-108C|T_NM_002108.3_utr5_20_0_chr12_95996078_r_Mut_1",17.2636788007429,0
"5M_1_7_chr12_95996103_95996104_NM_002108.3(HAL):c.-108C|T_NM_002108.3_utr5_20_0_chr12_95996078_r_Ref_2",103.51552188698,0
"5M_1_7_chr12_95996211_95996212_NM_002108.3(HAL):c.-216A|C_NM_002108.3_utr5_20_0_chr12_95996078_r_Mut_1",33.6167276519146,0
"5M_1_7_chr12_95996211_95996212_NM_002108.3(HAL):c.-216A|C_NM_002108.3_utr5_20_0_chr12_95996078_r_Ref_1",225.383318017577,0
"5M_1_7_chr12_95996317_95996318_NM_002108.3(HAL):c.-322T|C_NM_002108.3_utr5_20_0_chr12_95996078_r_Mut_1",53.943682230834,1
"5M_1_7_chr12_95996317_95996318_NM_002108.3(HAL):c.-322T|C_NM_002108.3_utr5_20_0_chr12_95996078_r_Ref_1",19.8815088085679,1
"5M_1_7_chr12_98515799_98515800_NM_003276.2(TMPO):c.-68G|A_ENST00000548760.2_utr5_0_0_chr12_98512973_r_Ref_1",76.181829280841,0
"5M_1_7_chr12_98515815_98515816_NM_003276.2(TMPO):c.-52C|T_ENST00000548760.2_utr5_0_0_chr12_98512973_r_Mut_1",99.876869521163,0
"5M_1_7_chr13_108214768_108214769_NM_002312.3(LIG4):c.-260G|C_NM_002312.3_utr5_1_0_chr13_108214538_r_Mut_1",33.7480323308747,1
"5M_1_7_chr13_20229729_20229730_NM_006783.4(GJB6):c.-166A|C_NM_006783.4_utr5_1_0_chr13_20229580_r_Mut_1",29.609520209306,0
"5M_1_7_chr13_20229729_20229730_NM_006783.4(GJB6):c.-166A|C_NM_006783.4_utr5_1_0_chr13_20229580_r_Ref_3",53.4514772596659,0
"5M_1_7_chr13_20229741_20229742_NM_006783.4(GJB6):c.-178C|T_NM_006783.4_utr5_1_0_chr13_20229580_r_Mut_1",10.1088638902438,0
"5M_1_7_chr13_20230998_20230999_NM_006783.4(GJB6):c.-319A|G_NM_006783.4_utr5_2_0_chr13_20230866_r_Mut_1",50.4193719602654,0
"5M_1_7_chr13_20230998_20230999_NM_006783.4(GJB6):c.-319A|G_NM_006783.4_utr5_2_0_chr13_20230866_r_Ref_1",18.3802129939907,0
"5M_1_7_chr13_20231084_20231085_NM_006783.4(GJB6):c.-405G|A_NM_006783.4_utr5_2_0_chr13_20230866_r_Mut_1",247.354614512043,1
"5M_1_7_chr13_20231084_20231085_NM_006783.4(GJB6):c.-405G|A_NM_006783.4_utr5_2_0_chr13_20230866_r_Ref_1",103.254247791059,1
"5M_1_7_chr13_20231098_20231099_NM_006783.4(GJB6):c.-419T|C_NM_006783.4_utr5_2_0_chr13_20230866_r_Mut_1",300.286512206857,1
"5M_1_7_chr13_20231098_20231099_NM_006783.4(GJB6):c.-419T|C_NM_006783.4_utr5_2_0_chr13_20230866_r_Ref_1",62.2531345923502,1
"5M_1_7_chr13_20231112_20231113_NM_006783.4(GJB6):c.-433G|A_NM_006783.4_utr5_2_0_chr13_20230866_r_Mut_1",253.778245870224,1
"5M_1_7_chr13_20231112_20231113_NM_006783.4(GJB6):c.-433G|A_NM_006783.4_utr5_2_0_chr13_20230866_r_Ref_1",61.9267500828027,1
"5M_1_7_chr13_23411297_23411298_NM_014363.5(SACS):c.-59C|A_NM_014363.5_utr5_8_0_chr13_23411240_r_Ref_1",22.3502299463988,1
"5M_1_7_chr13_23411569_23411570_NM_014363.5(SACS):c.-331A|C_NM_014363.5_utr5_8_0_chr13_23411240_r_Mut_1",44.9230404984897,1
"5M_1_7_chr13_23411569_23411570_NM_014363.5(SACS):c.-331A|C_NM_014363.5_utr5_8_0_chr13_23411240_r_Ref_1",48.0771249350174,1
"5M_1_7_chr13_23411708_23411709_NM_014363.5(SACS):c.-470C|T_NM_014363.5_utr5_8_0_chr13_23411240_r_Mut_1",36.4728350582114,1
"5M_1_7_chr13_23411708_23411709_NM_014363.5(SACS):c.-470C|T_NM_014363.5_utr5_8_0_chr13_23411240_r_Ref_2",66.2326277430501,1
"5M_1_7_chr13_36346339_36346340_NM_015087.4(SPART):c.-118C|A_NM_015087.4_utr5_8_0_chr13_36346225_r_Mut_1",55.1255743243955,0
"5M_1_7_chr13_36346339_36346340_NM_015087.4(SPART):c.-118C|A_NM_015087.4_utr5_8_0_chr13_36346225_r_Ref_1",28.4957981618223,0
"5M_1_7_chr13_52011390_52011391_NM_000053.3(ATP7B):c.-54G|T_NM_000053.3_utr5_20_0_chr13_52011338_r_Mut_1",64.8378248124732,0
"5M_1_7_chr13_52011409_52011410_NM_000053.3(ATP7B):c.-73G|T_NM_000053.3_utr5_20_0_chr13_52011338_r_Mut_1",34.5236635251742,0
"5M_1_7_chr13_52011409_52011410_NM_000053.3(ATP7B):c.-73G|T_NM_000053.3_utr5_20_0_chr13_52011338_r_Ref_1",28.9510676614838,0
"5M_1_7_chr13_83881747_83881749_NM_052910.2(SLITRK1):c.-242_-241dupTT_NM_052910.2_utr5_0_0_chr13_83881508_r_Mut_1",85.5684001682426,1
"5M_1_7_chr13_83881747_83881749_NM_052910.2(SLITRK1):c.-242_-241dupTT_NM_052910.2_utr5_0_0_chr13_83881508_r_Ref_1",226.54217924618,1
"5M_1_7_chr13_83881772_83881773_NM_052910.2(SLITRK1):c.-266delA_NM_052910.2_utr5_0_0_chr13_83881508_r_Mut_1",105.882987969523,1
"5M_1_7_chr13_83881772_83881773_NM_052910.2(SLITRK1):c.-266delA_NM_052910.2_utr5_0_0_chr13_83881508_r_Ref_1",54.841824976194,1
"5M_1_7_chr13_83881784_83881785_NM_052910.2(SLITRK1):c.-278G|A_NM_052910.2_utr5_0_0_chr13_83881508_r_Mut_1",29.2058880371333,1
"5M_1_7_chr13_83881784_83881785_NM_052910.2(SLITRK1):c.-278G|A_NM_052910.2_utr5_0_0_chr13_83881508_r_Ref_1",24.1407262300199,1
"5M_1_7_chr13_83882097_83882098_NM_052910.2(SLITRK1):c.-591G|A_NM_052910.2_utr5_0_0_chr13_83881508_r_Mut_1",38.7731724548722,0
"5M_1_7_chr13_83882097_83882098_NM_052910.2(SLITRK1):c.-591G|A_NM_052910.2_utr5_0_0_chr13_83881508_r_Ref_1",26.4001818757536,0
"5M_1_7_chr13_83882160_83882161_NM_052910.2(SLITRK1):c.-654G|A_NM_052910.2_utr5_0_0_chr13_83881508_r_Mut_1",67.4841715982955,1
"5M_1_7_chr13_83882202_83882203_NM_052910.2(SLITRK1):c.-696A|G_NM_052910.2_utr5_0_0_chr13_83881508_r_Mut_1",48.1265103087614,1
"5M_1_7_chr14_20476917_20476918_NM_000270.3(PNP):c.*317G|A_ENST00000554678.1_utr5_1_0_chr14_20476904_r_Mut_1",43.5480684622695,1
"5M_1_7_chr14_20476917_20476918_NM_000270.3(PNP):c.*317G|A_ENST00000554678.1_utr5_1_0_chr14_20476904_r_Ref_1",15.5388291345808,1
"5M_1_7_chr14_22819726_22819727_NM_001126106.2(SLC7A7):c.-264C|T_NM_001126106.2_utr5_10_0_chr14_22819638_r_Mut_1",20.4707999886833,1
"5M_1_7_chr14_22819726_22819727_NM_001126106.2(SLC7A7):c.-264C|T_NM_001126106.2_utr5_10_0_chr14_22819638_r_Ref_1",78.1415175583909,1
"5M_1_7_chr14_24242424_24242425_NM_001099274.1(TINF2):c.-93T|C_NM_012461.2_utr5_5_0_chr14_24242333_r_Mut_1",163.785853422457,0
"5M_1_7_chr14_24242424_24242425_NM_001099274.1(TINF2):c.-93T|C_NM_012461.2_utr5_5_0_chr14_24242333_r_Ref_1",27.2172544992293,0
"5M_1_7_chr14_24242608_24242609_NM_001099274.1(TINF2):c.-277C|G_NM_012461.2_utr5_5_0_chr14_24242333_r_Mut_1",40.0094899979748,0
"5M_1_7_chr14_24242608_24242609_NM_001099274.1(TINF2):c.-277C|G_NM_012461.2_utr5_5_0_chr14_24242333_r_Ref_1",45.2776711085871,0
"5M_1_7_chr14_24242647_24242648_NM_001099274.1(TINF2):c.-316G|A_NM_012461.2_utr5_5_0_chr14_24242333_r_Mut_1",33.4856039370929,0
"5M_1_7_chr14_24242647_24242648_NM_001099274.1(TINF2):c.-316G|A_NM_012461.2_utr5_5_0_chr14_24242333_r_Ref_1",25.8208493313075,0
"5M_1_7_chr14_24263127_24263128_NM_000359.2(TGM1):c.-42C|T_NM_000359.2_utr5_14_0_chr14_24263089_r_Mut_1",55.4402969314121,0
"5M_1_7_chr14_24263127_24263128_NM_000359.2(TGM1):c.-42C|T_NM_000359.2_utr5_14_0_chr14_24263089_r_Ref_2",29.4427491235936,0
"5M_1_7_chr14_30885787_30885788_NM_004086.2(COCH):c.961-8C|T_ENST00000555108.1_utr5_2_0_chr14_30885413_r_Mut_1",28.2168454457286,0
"5M_1_7_chr14_30885787_30885788_NM_004086.2(COCH):c.961-8C|T_ENST00000555108.1_utr5_2_0_chr14_30885413_r_Ref_1",16.5113085544199,0
"5M_1_7_chr14_35403800_35403801_NM_020529.2(NFKBIA):c.228-3C|T_ENST00000557389.1_utr5_4_0_chr14_35403756_r_Ref_1",40.8854465757998,1
"5M_1_7_chr14_49620843_49620844_NM_002408.3(MGAT2):c.-425C|T_ENST00000555043.1_utr5_0_0_chr14_49620815_r_Ref_4",54.9892123195014,0
"5M_1_7_chr14_49622897_49622901_NM_002408.3(MGAT2):c.*286_*289delTAAT_ENST00000555043.1_utr5_1_0_chr14_49621246_r_Mut_1",35.8199209085293,1
"5M_1_7_chr14_49622897_49622901_NM_002408.3(MGAT2):c.*286_*289delTAAT_ENST00000555043.1_utr5_1_0_chr14_49621246_r_Ref_1",30.5750199047291,1
"5M_1_7_chr14_49623277_49623281_NM_002408.3(MGAT2):c.*666_*669delTTTT_ENST00000555043.1_utr5_1_0_chr14_49621246_r_Mut_1",25.7228351182261,1
"5M_1_7_chr14_49623277_49623281_NM_002408.3(MGAT2):c.*666_*669delTTTT_ENST00000555043.1_utr5_1_0_chr14_49621246_r_Ref_1",19.1904050267626,1
"5M_1_7_chr14_49623402_49623403_NM_002408.3(MGAT2):c.*791G|A_ENST00000555043.1_utr5_1_0_chr14_49621246_r_Ref_1",11.0581239287882,1
"5M_1_7_chr14_50944431_50944432_NM_002863.4(PYGL):c.-29A|C_NM_002863.4_utr5_19_0_chr14_50944404_r_Mut_1",70.6984377162658,0
"5M_1_7_chr14_54902667_54902668_NM_000161.2(GCH1):c.-5G|C_NM_000161.2_utr5_5_0_chr14_54902664_r_Mut_1",128.303004107699,0
"5M_1_7_chr14_54902718_54902719_NM_000161.2(GCH1):c.-56G|A_NM_000161.2_utr5_5_0_chr14_54902664_r_Mut_1",36.9113220709432,0
"5M_1_7_chr14_54902768_54902769_NM_000161.2(GCH1):c.-106G|A_NM_000161.2_utr5_5_0_chr14_54902664_r_Mut_1",89.9601086407248,0
"5M_1_7_chr14_54902768_54902769_NM_000161.2(GCH1):c.-106G|A_NM_000161.2_utr5_5_0_chr14_54902664_r_Ref_2",18.5228583707762,0
"5M_1_7_chr14_56805639_56805640_NM_172337.2(OTX2):c.-184G|T_NM_001270525.1_utr5_2_0_chr14_56805457_r_Mut_1",45.8824087753139,1
"5M_1_7_chr14_56805639_56805640_NM_172337.2(OTX2):c.-184G|T_NM_001270525.1_utr5_2_0_chr14_56805457_r_Ref_1",45.9882095468935,1
"5M_1_7_chr14_65102368_65102369_NM_002382.4(MAX):c.-30C|G_NM_001320415.1_utr5_5_0_chr14_65102304_r_Ref_1",97.8928114323728,0
"5M_1_7_chr14_65102418_65102419_NM_002382.4(MAX):c.-80G|A_NM_001320415.1_utr5_5_0_chr14_65102304_r_Mut_1",159.107151044505,0
"5M_1_7_chr14_65102418_65102419_NM_002382.4(MAX):c.-80G|A_NM_001320415.1_utr5_5_0_chr14_65102304_r_Ref_1",79.870134225638,0
"5M_1_7_chr14_73698381_73698382_NM_031427.3(DNAL1):c.*2440G|A_ENST00000557304.1_utr5_0_0_chr14_73698103_r_Mut_1",66.8472266892917,1
"5M_1_7_chr14_73698381_73698382_NM_031427.3(DNAL1):c.*2440G|A_ENST00000557304.1_utr5_0_0_chr14_73698103_r_Ref_1",77.6214675862474,1
"5M_1_7_chr14_73698496_73698497_NM_031427.3(DNAL1):c.*2555A|G_ENST00000557304.1_utr5_0_0_chr14_73698103_r_Mut_1",13.3971802627098,1
"5M_1_7_chr14_73698511_73698512_NM_031427.3(DNAL1):c.*2570delT_ENST00000557304.1_utr5_0_0_chr14_73698103_r_Mut_1",30.5570546512548,1
"5M_1_7_chr14_73698511_73698512_NM_031427.3(DNAL1):c.*2570delT_ENST00000557304.1_utr5_0_0_chr14_73698103_r_Ref_1",28.0611597570982,1
"5M_1_7_chr14_73698541_73698546_NM_031427.3(DNAL1):c.*2600_*2604delGTTTG_ENST00000557304.1_utr5_0_0_chr14_73698103_r_Mut_1",11.4967158018512,1
"5M_1_7_chr14_73698541_73698546_NM_031427.3(DNAL1):c.*2600_*2604delGTTTG_ENST00000557304.1_utr5_0_0_chr14_73698103_r_Ref_1",35.4523903462922,1
"5M_1_7_chr14_73700244_73700245_NM_031427.3(DNAL1):c.*4303C|T_ENST00000557304.1_utr5_1_0_chr14_73700164_r_Mut_1",35.644599368532,1
"5M_1_7_chr14_73700244_73700245_NM_031427.3(DNAL1):c.*4303C|T_ENST00000557304.1_utr5_1_0_chr14_73700164_r_Ref_1",28.6792465233192,1
"5M_1_7_chr14_74068992_74068993_NM_005589.3(ALDH6A1):c.731-12T|C_ENST00000555126.1_utr5_5_0_chr14_74068863_r_Mut_1",47.0508819034464,1
"5M_1_7_chr14_74068992_74068993_NM_005589.3(ALDH6A1):c.731-12T|C_ENST00000555126.1_utr5_5_0_chr14_74068863_r_Ref_1",33.2148546399237,1
"5M_1_7_chr14_75051435_75051436_NM_001040108.1(MLH3):c.-120G|A_NM_001040108.1_utr5_12_0_chr14_75051380_r_Mut_1",32.6626173215338,1
"5M_1_7_chr14_75051435_75051436_NM_001040108.1(MLH3):c.-120G|A_NM_001040108.1_utr5_12_0_chr14_75051380_r_Ref_1",51.169293787878,1
"5M_1_7_chr14_75051464_75051465_NM_001040108.1(MLH3):c.-149G|C_NM_001040108.1_utr5_12_0_chr14_75051380_r_Mut_1",27.0280682359309,0
"5M_1_7_chr14_75051464_75051465_NM_001040108.1(MLH3):c.-149G|C_NM_001040108.1_utr5_12_0_chr14_75051380_r_Ref_1",24.8417479927558,0
"5M_1_7_chr14_75578861_75578862_NM_017791.2(FLVCR2):c.-111T|C_ENST00000455232.1_utr5_2_0_chr14_75577777_r_Mut_1",20.8302323650496,0
"5M_1_7_chr14_75578861_75578862_NM_017791.2(FLVCR2):c.-111T|C_ENST00000455232.1_utr5_2_0_chr14_75577777_r_Ref_1",14.759120812676,0
"5M_1_7_chr14_75981070_75981071_NM_003239.4(TGFB3):c.-178C|T_NM_003239.3_utr5_6_0_chr14_75980894_r_Mut_1",92.4559796657667,0
"5M_1_7_chr14_75981070_75981071_NM_003239.4(TGFB3):c.-178C|T_NM_003239.3_utr5_6_0_chr14_75980894_r_Ref_1",105.725612523029,0
"5M_1_7_chr14_75981428_75981429_NM_003239.4(TGFB3):c.-536delT_NM_003239.3_utr5_6_0_chr14_75980894_r_Mut_1",51.3035840228299,1
"5M_1_7_chr14_75981428_75981429_NM_003239.4(TGFB3):c.-536delT_NM_003239.3_utr5_6_0_chr14_75980894_r_Ref_2",45.7136454957822,1
"5M_1_7_chr14_75981439_75981440_NM_003239.4(TGFB3):c.-547dupC_NM_003239.3_utr5_6_0_chr14_75980894_r_Mut_1",101.725986893719,1
"5M_1_7_chr14_75981439_75981440_NM_003239.4(TGFB3):c.-547dupC_NM_003239.3_utr5_6_0_chr14_75980894_r_Ref_1",63.5828637558891,1
"5M_1_7_chr14_75981648_75981649_NM_003239.4(TGFB3):c.-756T|A_NM_003239.3_utr5_6_0_chr14_75980894_r_Mut_1",42.0118140437431,0
"5M_1_7_chr14_75981648_75981649_NM_003239.4(TGFB3):c.-756T|A_NM_003239.3_utr5_6_0_chr14_75980894_r_Ref_1",25.7314166723205,0
"5M_1_7_chr14_77320687_77320688_NM_013382.5(POMT2):c.-7G|A_NM_013382.5_utr5_20_0_chr14_77320682_r_Mut_1",26.0564862387717,0
"5M_1_7_chr14_77320736_77320737_NM_013382.5(POMT2):c.-56G|A_NM_013382.5_utr5_20_0_chr14_77320682_r_Mut_1",67.6438633011138,0
"5M_1_7_chr14_77320829_77320830_NM_013382.5(POMT2):c.-149C|A_NM_013382.5_utr5_20_0_chr14_77320682_r_Ref_2",23.263988817356,0
"5M_1_7_chr14_87993231_87993232_NM_000153.3(GALC):c.-68C|T_NM_000153.3_utr5_16_0_chr14_87993165_r_Mut_1",13.5468234173145,0
"5M_1_7_chr14_87993248_87993249_NM_000153.3(GALC):c.-85T|A_NM_000153.3_utr5_16_0_chr14_87993165_r_Mut_1",22.5775776741984,0
"5M_1_7_chr14_91947617_91947618_NM_006329.3(FBLN5):c.-389C|A_NM_006329.3_utr5_10_0_chr14_91947230_r_Mut_1",86.2509106749214,0
"5M_1_7_chr14_91947641_91947642_NM_006329.3(FBLN5):c.-413C|T_NM_006329.3_utr5_10_0_chr14_91947230_r_Mut_1",148.62225342716,0
"5M_1_7_chr14_91947641_91947642_NM_006329.3(FBLN5):c.-413C|T_NM_006329.3_utr5_10_0_chr14_91947230_r_Ref_1",14.2690565501858,0
"5M_1_7_chr14_92039812_92039813_NM_004239.4(TRIP11):c.-128C|T_NM_004239.4_utr5_20_0_chr14_92039686_r_Mut_1",47.2825774887195,0
"5M_1_7_chr14_92039812_92039813_NM_004239.4(TRIP11):c.-128C|T_NM_004239.4_utr5_20_0_chr14_92039686_r_Ref_1",61.513355880486,0
"5M_1_7_chr14_92039939_92039940_NM_004239.4(TRIP11):c.-255G|A_NM_004239.4_utr5_20_0_chr14_92039686_r_Mut_1",81.9559532233553,0
"5M_1_7_chr14_92039939_92039940_NM_004239.4(TRIP11):c.-255G|A_NM_004239.4_utr5_20_0_chr14_92039686_r_Ref_1",113.705973468242,0
"5M_1_7_chr14_92040019_92040020_NM_004239.4(TRIP11):c.-335G|A_NM_004239.4_utr5_20_0_chr14_92039686_r_Ref_3",59.6163274115851,0
"5M_1_7_chr14_94388561_94388562_NM_000295.4(SERPINA1):c.-7A|G_NM_000295.4_utr5_4_0_chr14_94388560_r_Mut_1",16.9320097598507,0
"5M_1_7_chr14_94388561_94388562_NM_000295.4(SERPINA1):c.-7A|G_NM_000295.4_utr5_4_0_chr14_94388560_r_Ref_2",53.5819852515211,0
"5M_1_7_chr14_94388744_94388745_NM_000295.4(SERPINA1):c.-190G|A_NM_000295.4_utr5_4_0_chr14_94388560_r_Mut_1",110.844416276152,1
"5M_1_7_chr14_94388744_94388745_NM_000295.4(SERPINA1):c.-190G|A_NM_000295.4_utr5_4_0_chr14_94388560_r_Ref_1",65.7136839088181,1
"5M_1_7_chr15_34795537_34795538_NM_005159.4(ACTC1):c.-55C|A_NM_005159.4_utr5_6_0_chr15_34795506_r_Mut_1",22.8791643669639,0
"5M_1_7_chr15_34795537_34795538_NM_005159.4(ACTC1):c.-55C|A_NM_005159.4_utr5_6_0_chr15_34795506_r_Ref_3",246.923135357748,0
"5M_1_7_chr15_34795657_34795658_NM_005159.4(ACTC1):c.-175C|A_NM_005159.4_utr5_6_0_chr15_34795506_r_Mut_1",38.1754100195123,0
"5M_1_7_chr15_41402198_41402199_NM_016013.3(NDUFAF1):c.-137C|T_NM_016013.3_utr5_4_0_chr15_41402144_r_Mut_1",63.4367913539306,0
"5M_1_7_chr15_41402198_41402199_NM_016013.3(NDUFAF1):c.-137C|T_NM_016013.3_utr5_4_0_chr15_41402144_r_Ref_1",37.873468086746,0
"5M_1_7_chr15_41402241_41402242_NM_016013.3(NDUFAF1):c.-180C|T_NM_016013.3_utr5_4_0_chr15_41402144_r_Mut_1",43.9520548767401,1
"5M_1_7_chr15_41402241_41402242_NM_016013.3(NDUFAF1):c.-180C|T_NM_016013.3_utr5_4_0_chr15_41402144_r_Ref_1",34.5958179284723,1
"5M_1_7_chr15_41402373_41402374_NM_016013.3(NDUFAF1):c.-312T|G_NM_016013.3_utr5_4_0_chr15_41402144_r_Ref_1",61.8058785957846,0
"5M_1_7_chr15_41402440_41402441_NM_016013.3(NDUFAF1):c.-379C|T_NM_016013.3_utr5_4_0_chr15_41402144_r_Mut_1",63.5253172703566,0
"5M_1_7_chr15_41402440_41402441_NM_016013.3(NDUFAF1):c.-379C|T_NM_016013.3_utr5_4_0_chr15_41402144_r_Ref_2",25.2047003162069,0
"5M_1_7_chr15_43221085_43221086_NM_000119.2(EPB42):c.-261G|T_NM_000119.2_utr5_12_0_chr15_43220826_r_Mut_1",18.6178612199724,0
"5M_1_7_chr15_43221107_43221108_NM_000119.2(EPB42):c.-283G|A_NM_000119.2_utr5_12_0_chr15_43220826_r_Mut_1",28.4438045334023,0
"5M_1_7_chr15_45114032_45114033_NM_014080.4(DUOX2):c.-75C|T_NM_014080.4_utr5_33_0_chr15_45113973_r_Mut_1",25.4642765495923,1
"5M_1_7_chr15_45114032_45114033_NM_014080.4(DUOX2):c.-75C|T_NM_014080.4_utr5_33_0_chr15_45113973_r_Ref_1",113.329644325866,1
"5M_1_7_chr15_45378623_45378624_NM_001482.2(GATM):c.-171T|C_NM_001482.2_utr5_8_0_chr15_45378454_r_Ref_1",33.6355411438106,0
"5M_1_7_chr15_48645763_48645764_NM_000138.4(FBN1):c.-371T|C_NM_000138.4_utr5_65_0_chr15_48645575_r_Mut_1",20.2286763213657,0
"5M_1_7_chr15_48645763_48645764_NM_000138.4(FBN1):c.-371T|C_NM_000138.4_utr5_65_0_chr15_48645575_r_Ref_1",19.0878463434655,0
"5M_1_7_chr15_48645776_48645780_NM_000138.4(FBN1):c.-387_-384delTCTC_NM_000138.4_utr5_65_0_chr15_48645575_r_Mut_1",44.2189946970524,0
"5M_1_7_chr15_48645776_48645780_NM_000138.4(FBN1):c.-387_-384delTCTC_NM_000138.4_utr5_65_0_chr15_48645575_r_Ref_1",24.2530031723037,0
"5M_1_7_chr15_48811029_48811030_NM_014985.3(CEP152):c.-77G|C_NM_001194998.1_utr5_26_0_chr15_48810961_r_Mut_1",16.1973173136853,0
"5M_1_7_chr15_48811029_48811030_NM_014985.3(CEP152):c.-77G|C_NM_001194998.1_utr5_26_0_chr15_48810961_r_Ref_1",35.1147341187004,0
"5M_1_7_chr15_48811082_48811083_NM_014985.3(CEP152):c.-130C|T_NM_001194998.1_utr5_26_0_chr15_48810961_r_Mut_1",48.0883058999376,0
"5M_1_7_chr15_48811082_48811083_NM_014985.3(CEP152):c.-130C|T_NM_001194998.1_utr5_26_0_chr15_48810961_r_Ref_1",23.2493232380117,0
"5M_1_7_chr15_48811116_48811117_NM_014985.3(CEP152):c.-164T|C_NM_001194998.1_utr5_26_0_chr15_48810961_r_Mut_1",33.6766561203928,0
"5M_1_7_chr15_48811116_48811117_NM_014985.3(CEP152):c.-164T|C_NM_001194998.1_utr5_26_0_chr15_48810961_r_Ref_1",57.5644604881525,0
"5M_1_7_chr15_64163041_64163042_NM_000942.4(PPIB):c.-56C|A_NM_000942.4_utr5_4_0_chr15_64162987_r_Mut_1",40.5934469238571,0
"5M_1_7_chr15_64163041_64163042_NM_000942.4(PPIB):c.-56C|A_NM_000942.4_utr5_4_0_chr15_64162987_r_Ref_2",40.4921448151487,0
"5M_1_7_chr15_64989899_64989900_NM_016630.6(SPG21):c.-260A|C_NM_016630.6_utr5_8_0_chr15_64989665_r_Ref_1",100.224217286973,0
"5M_1_7_chr15_66490489_66490490_NM_002755.3(MAP2K1):c.1069-12C|A_ENST00000565387.2_utr5_0_0_chr15_66488658_r_Mut_1",35.7837226770735,0
"5M_1_7_chr15_72375975_72375976_NM_000520.5(HEXA):c.-4G|A_NM_001318825.1_utr5_13_0_chr15_72375973_r_Mut_1",29.0572124497038,0
"5M_1_7_chr15_72376107_72376108_NM_000520.5(HEXA):c.-136G|A_NM_001318825.1_utr5_13_0_chr15_72375973_r_Ref_1",30.4713812880636,0
"5M_1_7_chr15_72376112_72376113_NM_000520.5(HEXA):c.-141G|A_NM_001318825.1_utr5_13_0_chr15_72375973_r_Mut_1",78.9613159427698,0
"5M_1_7_chr15_72376112_72376113_NM_000520.5(HEXA):c.-141G|A_NM_001318825.1_utr5_13_0_chr15_72375973_r_Ref_1",43.3504140876536,0
"5M_1_7_chr15_74202809_74202810_NM_022369.3(STRA6):c.-113A|G_NM_001199042.1_utr5_18_0_chr15_74202520_r_Mut_1",50.2365367405712,0
"5M_1_7_chr15_74202809_74202810_NM_022369.3(STRA6):c.-113A|G_NM_001199042.1_utr5_18_0_chr15_74202520_r_Ref_1",41.0482234368923,0
"5M_1_7_chr15_74202835_74202836_NM_022369.3(STRA6):c.-139C|A_NM_001199042.1_utr5_18_0_chr15_74202520_r_Mut_1",55.9035710513971,0
"5M_1_7_chr15_89221543_89221544_NM_000326.4(RLBP1):c.-233G|A_NM_000326.4_utr5_8_0_chr15_89221535_r_Mut_1",51.1579692415149,0
"5M_1_7_chr15_89221543_89221544_NM_000326.4(RLBP1):c.-233G|A_NM_000326.4_utr5_8_0_chr15_89221535_r_Ref_2",14.7799771198455,0
"5M_1_7_chr15_89333820_89333821_NM_002693.2(POLG):c.-67A|G_NM_002693.2_utr5_21_0_chr15_89333755_r_Mut_1",94.8624768605562,0
"5M_1_7_chr15_89333820_89333821_NM_002693.2(POLG):c.-67A|G_NM_002693.2_utr5_21_0_chr15_89333755_r_Ref_1",63.3746049932645,0
"5M_1_7_chr15_91022519_91022520_NM_018668.4(VPS33B):c.-271A|C_NM_001289149.1_utr5_21_0_chr15_91022154_r_Mut_1",144.817062545148,0
"5M_1_7_chr15_91022519_91022520_NM_018668.4(VPS33B):c.-271A|C_NM_001289149.1_utr5_21_0_chr15_91022154_r_Ref_1",46.7347218138993,0
"5M_1_7_chr15_91022547_91022548_NM_018668.4(VPS33B):c.-299T|G_NM_001289149.1_utr5_21_0_chr15_91022154_r_Ref_1",37.1016202746044,1
"5M_1_7_chr16_1612073_1612074_NM_014714.3(IFT140):c.-328C|T_NM_014714.3_utr5_30_0_chr16_1611968_r_Mut_1",230.309909127874,0
"5M_1_7_chr16_1612073_1612074_NM_014714.3(IFT140):c.-328C|T_NM_014714.3_utr5_30_0_chr16_1611968_r_Ref_1",163.529211175355,0
"5M_1_7_chr16_2328492_2328493_NM_001089.2(ABCA3):c.-67C|T_NM_001089.2_utr5_30_0_chr16_2328453_r_Mut_1",22.2638413204107,0
"5M_1_7_chr16_2328492_2328493_NM_001089.2(ABCA3):c.-67C|T_NM_001089.2_utr5_30_0_chr16_2328453_r_Ref_1",30.4683644484518,0
"5M_1_7_chr16_2328545_2328546_NM_001089.2(ABCA3):c.-120C|T_NM_001089.2_utr5_30_0_chr16_2328453_r_Mut_1",10.4992218714569,0
"5M_1_7_chr16_2328598_2328599_NM_001089.2(ABCA3):c.-173C|T_NM_001089.2_utr5_30_0_chr16_2328453_r_Mut_1",129.080439320871,0
"5M_1_7_chr16_2328598_2328599_NM_001089.2(ABCA3):c.-173C|T_NM_001089.2_utr5_30_0_chr16_2328453_r_Ref_1",85.6295234166965,0
"5M_1_7_chr16_2329671_2329672_NM_001089.2(ABCA3):c.-356G|A_NM_001089.2_utr5_31_0_chr16_2329648_r_Mut_1",61.0507604571763,0
"5M_1_7_chr16_2329683_2329684_NM_001089.2(ABCA3):c.-368G|A_NM_001089.2_utr5_31_0_chr16_2329648_r_Ref_2",99.7530472561859,0
"5M_1_7_chr16_2329817_2329818_NM_001089.2(ABCA3):c.-502C|G_NM_001089.2_utr5_31_0_chr16_2329648_r_Mut_1",51.8735069921921,0
"5M_1_7_chr16_2329817_2329818_NM_001089.2(ABCA3):c.-502C|G_NM_001089.2_utr5_31_0_chr16_2329648_r_Ref_1",115.484239392017,0
"5M_1_7_chr16_2340703_2340704_NM_001089.2(ABCA3):c.-670C|T_NM_001089.2_utr5_32_0_chr16_2340573_r_Mut_1",54.8359565393429,0
"5M_1_7_chr16_2340703_2340704_NM_001089.2(ABCA3):c.-670C|T_NM_001089.2_utr5_32_0_chr16_2340573_r_Ref_4",42.5657508500604,0
"5M_1_7_chr16_23641305_23641306_NM_024675.3(PALB2):c.-149G|A_NM_024675.3_utr5_12_0_chr16_23641158_r_Mut_1",25.4292475106182,1
"5M_1_7_chr16_23641305_23641306_NM_024675.3(PALB2):c.-149G|A_NM_024675.3_utr5_12_0_chr16_23641158_r_Ref_1",170.704192872696,1
"5M_1_7_chr16_28491759_28491760_NM_001042432.1(CLN3):c.-1G|T_NM_001286109.1_utr5_13_0_chr16_28491714_r_Mut_1",85.7002709727594,0
"5M_1_7_chr16_28491759_28491760_NM_001042432.1(CLN3):c.-1G|T_NM_001286109.1_utr5_13_0_chr16_28491714_r_Ref_7",92.1400001483548,0
"5M_1_7_chr16_28846349_28846350_NM_003321.4(TUFM):c.-81G|C_NM_003321.4_utr5_9_0_chr16_28846270_r_Mut_1",171.246197759676,0
"5M_1_7_chr16_28846349_28846350_NM_003321.4(TUFM):c.-81G|C_NM_003321.4_utr5_9_0_chr16_28846270_r_Ref_1",63.4877281513089,0
"5M_1_7_chr16_28846396_28846397_NM_003321.4(TUFM):c.-128G|C_NM_003321.4_utr5_9_0_chr16_28846270_r_Mut_1",81.2259431925706,0
"5M_1_7_chr16_28846396_28846397_NM_003321.4(TUFM):c.-128G|C_NM_003321.4_utr5_9_0_chr16_28846270_r_Ref_1",436.599020105002,0
"5M_1_7_chr16_30091838_30091839_NM_004608.3(TBX6):c.-49+34G|T_ENST00000553607.1_utr5_4_0_chr16_30091194_r_Mut_1",39.5147611400909,1
"5M_1_7_chr16_30091838_30091839_NM_004608.3(TBX6):c.-49+34G|T_ENST00000553607.1_utr5_4_0_chr16_30091194_r_Ref_1",79.1843171893925,1
"5M_1_7_chr16_30986042_30986043_NM_025193.3(HSD3B7):c.167-6G|A_ENST00000624286.1_utr5_0_0_chr16_30984630_r_Ref_1",88.7344830904989,0
"5M_1_7_chr16_3608984_3608985_NM_032444.3(SLX4):c.-21G|C_NM_032444.2_utr5_13_0_chr16_3608965_r_Mut_1",14.1026853119105,1
"5M_1_7_chr16_3609103_3609107_NM_032444.3(SLX4):c.-143_-140delAACA_NM_032444.2_utr5_13_0_chr16_3608965_r_Mut_1",35.9009790709724,0
"5M_1_7_chr16_3609103_3609107_NM_032444.3(SLX4):c.-143_-140delAACA_NM_032444.2_utr5_13_0_chr16_3608965_r_Ref_1",22.8891029630489,0
"5M_1_7_chr16_3609174_3609175_NM_032444.3(SLX4):c.-211dup_NM_032444.2_utr5_13_0_chr16_3608965_r_Ref_1",103.412757957547,0
"5M_1_7_chr16_3609358_3609359_NM_032444.3(SLX4):c.-395C|T_NM_032444.2_utr5_13_0_chr16_3608965_r_Mut_1",51.1039500794304,1
"5M_1_7_chr16_3609358_3609359_NM_032444.3(SLX4):c.-395C|T_NM_032444.2_utr5_13_0_chr16_3608965_r_Ref_1",75.8893579767534,1
"5M_1_7_chr16_4337801_4337802_NM_032575.2(GLIS2):c.*278C|T_ENST00000574705.1_utr5_0_0_chr16_4335870_r_Mut_1",49.1863426930748,0
"5M_1_7_chr16_4337801_4337802_NM_032575.2(GLIS2):c.*278C|T_ENST00000574705.1_utr5_0_0_chr16_4335870_r_Ref_1",43.3824447594979,0
"5M_1_7_chr16_4802768_4802769_NM_024589.2(ROGDI):c.-198delG_NM_024589.2_utr5_10_0_chr16_4802572_r_Mut_1",26.0010051893897,0
"5M_1_7_chr16_50732280_50732281_NM_022162.2(NOD2):c.*462C|A_ENST00000563315.2_utr5_3_0_chr16_50732218_r_Ref_1",56.2742842563843,0
"5M_1_7_chr16_56519883_56519884_NM_031885.3(BBS2):c.-22C|T_NM_031885.3_utr5_16_0_chr16_56519863_r_Mut_1",107.276287604912,0
"5M_1_7_chr16_56519883_56519884_NM_031885.3(BBS2):c.-22C|T_NM_031885.3_utr5_16_0_chr16_56519863_r_Ref_1",59.3926361817388,0
"5M_1_7_chr16_56519994_56519995_NM_031885.3(BBS2):c.-133C|T_NM_031885.3_utr5_16_0_chr16_56519863_r_Mut_1",93.8853716460662,0
"5M_1_7_chr16_56519994_56519995_NM_031885.3(BBS2):c.-133C|T_NM_031885.3_utr5_16_0_chr16_56519863_r_Ref_1",34.0082471246334,0
"5M_1_7_chr16_56520008_56520009_NM_031885.3(BBS2):c.-147G|T_NM_031885.3_utr5_16_0_chr16_56519863_r_Mut_1",124.051489544723,0
"5M_1_7_chr16_56520008_56520009_NM_031885.3(BBS2):c.-147G|T_NM_031885.3_utr5_16_0_chr16_56519863_r_Ref_1",45.0452614538747,0
"5M_1_7_chr16_56520060_56520061_NM_031885.3(BBS2):c.-199A|T_NM_031885.3_utr5_16_0_chr16_56519863_r_Mut_1",23.1230414401513,0
"5M_1_7_chr16_66550276_66550277_NM_004614.4(TK2):c.-216G|A_NM_001271934.1_utr5_10_0_chr16_66549938_r_Mut_1",32.408192148691,1
"5M_1_7_chr16_66550276_66550277_NM_004614.4(TK2):c.-216G|A_NM_001271934.1_utr5_10_0_chr16_66549938_r_Ref_1",68.485675515351,1
"5M_1_7_chr16_68644294_68644295_NM_001793.5(CDH3):c.-1085A|G_ENST00000562172.2_utr5_0_0_chr16_68644248_r_Mut_1",31.7416182489335,1
"5M_1_7_chr16_68644745_68644745_NM_001793.5(CDH3):c.-635_-634insG_ENST00000562172.2_utr5_0_0_chr16_68644248_r_Mut_1",58.2147910981203,1
"5M_1_7_chr16_68645097_68645098_NM_001793.5(CDH3):c.-282G|T_ENST00000562172.2_utr5_0_0_chr16_68644248_r_Ref_1",43.3532101688469,0
"5M_1_7_chr16_68645112_68645113_NM_001793.5(CDH3):c.-267C|T_ENST00000562172.2_utr5_0_0_chr16_68644248_r_Ref_1",39.3416070066049,0
"5M_1_7_chr16_68645368_68645369_NM_001793.5(CDH3):c.-11T|C_ENST00000562172.2_utr5_0_0_chr16_68644248_r_Mut_1",62.5844354168999,0
"5M_1_7_chr16_68645368_68645369_NM_001793.5(CDH3):c.-11T|C_ENST00000562172.2_utr5_0_0_chr16_68644248_r_Ref_1",224.458943537647,0
"5M_1_7_chr16_75647639_75647640_NM_001130089.1(KARS):c.-97G|T_NM_001130089.1_utr5_14_0_chr16_75647578_r_Mut_1",36.8950781755333,0
"5M_1_7_chr16_75647639_75647640_NM_001130089.1(KARS):c.-97G|T_NM_001130089.1_utr5_14_0_chr16_75647578_r_Ref_5",39.1893759008822,0
"5M_1_7_chr16_8847850_8847851_NM_000303.2(PMM2):c.*26C|T_ENST00000567942.1_utr5_0_0_chr16_8847650_r_Mut_1",58.8399420915753,0
"5M_1_7_chr16_8847876_8847877_NM_000303.2(PMM2):c.*52C|T_ENST00000567942.1_utr5_0_0_chr16_8847650_r_Ref_1",370.750325364201,0
"5M_1_7_chr16_8847877_8847878_NM_000303.2(PMM2):c.*53G|C_ENST00000567942.1_utr5_0_0_chr16_8847650_r_Ref_1",20.4311952973394,0
"5M_1_7_chr16_88856886_88856887_NM_000512.4(GALNS):c.-10C|G_NM_001323544.1_utr5_14_0_chr16_88856758_r_Ref_1",235.761447105643,0
"5M_1_7_chr16_89920324_89920326_NM_002386.3(MC1R):c.*113_*114delAA_ENST00000554623.1_utr5_0_0_chr16_89919827_r_Mut_1",23.2061641009487,1
"5M_1_7_chr16_89920324_89920326_NM_002386.3(MC1R):c.*113_*114delAA_ENST00000554623.1_utr5_0_0_chr16_89919827_r_Ref_1",29.563823228969,1
"5M_1_7_chr17_1684810_1684811_NM_006445.3(PRPF8):c.-43G|C_NM_006445.3_utr5_42_0_chr17_1684780_r_Mut_1",91.6032183282155,0
"5M_1_7_chr17_18039013_18039014_NM_145691.3(ATPAF2):c.-1G|T_NM_145691.3_utr5_7_0_chr17_18039014_r_Mut_1",39.2803745739907,0
"5M_1_7_chr17_18039013_18039014_NM_145691.3(ATPAF2):c.-1G|T_NM_145691.3_utr5_7_0_chr17_18039014_r_Ref_1",78.7802293430483,0
"5M_1_7_chr17_18108716_18108717_NM_016239.3(MYO15A):c.-327C|T_ENST00000624514.1_utr5_0_0_chr17_18107334_r_Mut_1",14.0142399428607,1
"5M_1_7_chr17_18108816_18108817_NM_016239.3(MYO15A):c.-227G|A_ENST00000624514.1_utr5_0_0_chr17_18107334_r_Mut_1",60.9393236764681,0
"5M_1_7_chr17_18108816_18108817_NM_016239.3(MYO15A):c.-227G|A_ENST00000624514.1_utr5_0_0_chr17_18107334_r_Ref_1",44.4468532287916,0
"5M_1_7_chr17_28742407_28742408_NM_178170.2(NEK8):c.*421G|A_ENST00000584779.1_utr5_1_0_chr17_28742349_r_Mut_1",45.9986807452265,1
"5M_1_7_chr17_31095373_31095374_NM_000267.3(NF1):c.60+5C|G_ENST00000583377.1_utr5_2_0_chr17_31095227_r_Mut_1",24.1137497339549,0
"5M_1_7_chr17_35119685_35119686_NM_002878.3(RAD51D):c.-73G|A_NM_002878.3_utr5_9_0_chr17_35119614_r_Mut_1",52.0996837251667,0
"5M_1_7_chr17_35119685_35119686_NM_002878.3(RAD51D):c.-73G|A_NM_002878.3_utr5_9_0_chr17_35119614_r_Ref_1",80.0373100575141,0
"5M_1_7_chr17_35119751_35119752_NM_002878.3(RAD51D):c.-139C|T_NM_002878.3_utr5_9_0_chr17_35119614_r_Mut_1",63.7235294396181,0
"5M_1_7_chr17_35119751_35119752_NM_002878.3(RAD51D):c.-139C|T_NM_002878.3_utr5_9_0_chr17_35119614_r_Ref_1",31.401638166081,0
"5M_1_7_chr17_35119776_35119777_NM_002878.3(RAD51D):c.-164G|A_NM_002878.3_utr5_9_0_chr17_35119614_r_Ref_1",20.5058048074352,0
"5M_1_7_chr17_3513831_3513832_NM_145068.3(TRPV3):c.*85A|G_NM_001321337.1_utr5_8_0_chr17_3513412_r_Mut_1",61.5028668533567,0
"5M_1_7_chr17_3513831_3513832_NM_145068.3(TRPV3):c.*85A|G_NM_001321337.1_utr5_8_0_chr17_3513412_r_Ref_3",163.600764185744,0
"5M_1_7_chr17_3513842_3513843_NM_145068.3(TRPV3):c.*74G|C_NM_001321337.1_utr5_8_0_chr17_3513412_r_Mut_1",22.4829190458695,0
"5M_1_7_chr17_35578165_35578166_NM_000286.2(PEX12):c.-145C|T_NM_000286.2_utr5_2_0_chr17_35578022_r_Mut_1",28.0006503222499,1
"5M_1_7_chr17_35578360_35578361_NM_000286.2(PEX12):c.-340G|T_NM_000286.2_utr5_2_0_chr17_35578022_r_Mut_1",41.0319625131557,0
"5M_1_7_chr17_3557917_3557918_NM_145068.3(TRPV3):c.-245G|A_NM_001258205.1_utr5_17_0_chr17_3557676_r_Mut_1",127.95842317664,0
"5M_1_7_chr17_3557917_3557918_NM_145068.3(TRPV3):c.-245G|A_NM_001258205.1_utr5_17_0_chr17_3557676_r_Ref_1",145.746776777899,0
"5M_1_7_chr17_41528345_41528346_NM_002276.4(KRT19):c.-99G|C_NM_002276.4_utr5_5_0_chr17_41528248_r_Mut_1",50.765066959296,0
"5M_1_7_chr17_41528345_41528346_NM_002276.4(KRT19):c.-99G|C_NM_002276.4_utr5_5_0_chr17_41528248_r_Ref_1",38.409044427946,0
"5M_1_7_chr17_42388394_42388395_NM_139276.2(STAT3):c.-140C|T_NM_139276.2_utr5_23_0_chr17_42388279_r_Mut_1",61.8058984262401,0
"5M_1_7_chr17_42388416_42388417_NM_139276.2(STAT3):c.-162A|G_NM_139276.2_utr5_23_0_chr17_42388279_r_Mut_1",82.9202563411874,0
"5M_1_7_chr17_42423239_42423240_NM_012232.5(CAVIN1):c.-143C|G_NM_012232.5_utr5_1_0_chr17_42423098_r_Mut_1",50.5799820919948,0
"5M_1_7_chr17_42423239_42423240_NM_012232.5(CAVIN1):c.-143C|G_NM_012232.5_utr5_1_0_chr17_42423098_r_Ref_1",109.893331710579,0
"5M_1_7_chr17_43125211_43125212_NM_007294.3(BRCA1):c.-20+59G|T_ENST00000586385.5_utr5_7_0_chr17_43125186_r_Mut_1",50.0693469018599,0
"5M_1_7_chr17_43125211_43125212_NM_007294.3(BRCA1):c.-20+59G|T_ENST00000586385.5_utr5_7_0_chr17_43125186_r_Ref_1",52.9725994568417,0
"5M_1_7_chr17_43125267_43125268_NM_007294.3(BRCA1):c.-20+3A|G_ENST00000586385.5_utr5_7_0_chr17_43125186_r_Mut_1",72.3855882822264,0
"5M_1_7_chr17_43125267_43125268_NM_007294.3(BRCA1):c.-20+3A|G_ENST00000586385.5_utr5_7_0_chr17_43125186_r_Ref_1",77.1554467002825,0
"5M_1_7_chr17_43125272_43125273_NM_007294.3(BRCA1):c.-22A|G_NM_007300.3_utr5_23_0_chr17_43125271_r_Mut_1",74.328317522372,0
"5M_1_7_chr17_43125272_43125273_NM_007294.3(BRCA1):c.-22A|G_NM_007300.3_utr5_23_0_chr17_43125271_r_Ref_6",74.1405380042,0
"5M_1_7_chr17_44249220_44249221_NM_000342.3(SLC4A1):c.*1237C|T_ENST00000631130.1_utr5_0_0_chr17_44249205_r_Mut_1",16.5500358019884,1
"5M_1_7_chr17_44249220_44249221_NM_000342.3(SLC4A1):c.*1237C|T_ENST00000631130.1_utr5_0_0_chr17_44249205_r_Ref_2",27.7365586829152,1
"5M_1_7_chr17_46192607_46192608_NM_001193466.1(KANSL1):c.-279G|A_NM_001193466.1_utr5_14_0_chr17_46192419_r_Mut_1",21.2122075919019,1
"5M_1_7_chr17_46192607_46192608_NM_001193466.1(KANSL1):c.-279G|A_NM_001193466.1_utr5_14_0_chr17_46192419_r_Ref_1",61.6315374084776,1
"5M_1_7_chr17_47947932_47947933_NM_018129.3(PNPO):c.*1151C|T_ENST00000582142.1_utr5_1_0_chr17_47947891_r_Mut_1",17.9668220821081,0
"5M_1_7_chr17_47947932_47947933_NM_018129.3(PNPO):c.*1151C|T_ENST00000582142.1_utr5_1_0_chr17_47947891_r_Ref_2",30.7670522562842,0
"5M_1_7_chr17_49995128_49995129_NM_005220.2(DLX3):c.-131C|A_NM_005220.2_utr5_2_0_chr17_49994999_r_Mut_1",17.3218331919408,0
"5M_1_7_chr17_49995128_49995129_NM_005220.2(DLX3):c.-131C|A_NM_005220.2_utr5_2_0_chr17_49994999_r_Ref_2",36.8321699540003,0
"5M_1_7_chr17_49995128_49995129_NM_005220.2(DLX3):c.-131C|G_NM_005220.2_utr5_2_0_chr17_49994999_r_Mut_1",13.9555001747655,0
"5M_1_7_chr17_50201535_50201536_NM_000088.3(COL1A1):c.-23G|A_NM_000088.3_utr5_50_0_chr17_50201514_r_Mut_1",19.4750038951468,0
"5M_1_7_chr17_5584115_5584116_NM_001033053.2(NLRP1):c.-159C|T_NM_001033053.2_utr5_15_0_chr17_5583958_r_Mut_1",15.9769921122928,1
"5M_1_7_chr17_59106478_59106479_NM_015294.4(TRIM37):c.-18C|T_NM_001320990.1_utr5_23_0_chr17_59106441_r_Mut_1",12.6668235694288,0
"5M_1_7_chr17_59106478_59106479_NM_015294.4(TRIM37):c.-18C|T_NM_001320990.1_utr5_23_0_chr17_59106441_r_Ref_1",17.9413085280397,0
"5M_1_7_chr17_59106599_59106600_NM_015294.4(TRIM37):c.-139G|A_NM_001320990.1_utr5_23_0_chr17_59106441_r_Mut_1",104.205921911358,1
"5M_1_7_chr17_59106599_59106600_NM_015294.4(TRIM37):c.-139G|A_NM_001320990.1_utr5_23_0_chr17_59106441_r_Ref_1",46.0560573987004,1
"5M_1_7_chr17_59106663_59106664_NM_015294.4(TRIM37):c.-203C|A_NM_001320990.1_utr5_23_0_chr17_59106441_r_Mut_1",140.315694894613,0
"5M_1_7_chr17_59106663_59106664_NM_015294.4(TRIM37):c.-203C|A_NM_001320990.1_utr5_23_0_chr17_59106441_r_Ref_1",34.4562150474457,0
"5M_1_7_chr17_59106795_59106796_NM_015294.4(TRIM37):c.-335T|A_NM_001320990.1_utr5_23_0_chr17_59106441_r_Ref_1",14.4656914781079,1
"5M_1_7_chr17_59106849_59106850_NM_015294.4(TRIM37):c.-389G|T_NM_001320990.1_utr5_23_0_chr17_59106441_r_Mut_1",275.580471583451,1
"5M_1_7_chr17_59106849_59106850_NM_015294.4(TRIM37):c.-389G|T_NM_001320990.1_utr5_23_0_chr17_59106441_r_Ref_1",19.1704337293261,1
"5M_1_7_chr17_61863299_61863300_NM_032043.2(BRIP1):c.-47G|C_NM_032043.2_utr5_19_0_chr17_61863284_r_Mut_1",144.075275031002,1
"5M_1_7_chr17_61863299_61863300_NM_032043.2(BRIP1):c.-47G|C_NM_032043.2_utr5_19_0_chr17_61863284_r_Ref_1",342.012978161241,1
"5M_1_7_chr17_61863481_61863482_NM_032043.2(BRIP1):c.-229C|G_NM_032043.2_utr5_19_0_chr17_61863284_r_Mut_1",51.5364531633251,0
"5M_1_7_chr17_61863481_61863482_NM_032043.2(BRIP1):c.-229C|G_NM_032043.2_utr5_19_0_chr17_61863284_r_Ref_1",34.0050790986211,0
"5M_1_7_chr17_65561455_65561456_NM_004655.3(AXIN2):c.-123G|A_NM_004655.3_utr5_10_0_chr17_65561450_r_Mut_1",17.6991852941385,1
"5M_1_7_chr17_65561455_65561456_NM_004655.3(AXIN2):c.-123G|A_NM_004655.3_utr5_10_0_chr17_65561450_r_Ref_5",18.7126568639188,1
"5M_1_7_chr17_65561460_65561461_NM_004655.3(AXIN2):c.-128C|T_NM_004655.3_utr5_10_0_chr17_65561450_r_Mut_1",9.70403685529974,1
"5M_1_7_chr17_65561569_65561570_NM_004655.3(AXIN2):c.-237G|C_NM_004655.3_utr5_10_0_chr17_65561450_r_Ref_3",19.2565299112041,1
"5M_1_7_chr17_7219852_7219853_NM_000018.3(ACADVL):c.-132C|T_NM_001365.4_utr5_21_0_chr17_7218850_r_Mut_1",30.321686559243,0
"5M_1_7_chr17_7219852_7219853_NM_000018.3(ACADVL):c.-132C|T_NM_001365.4_utr5_21_0_chr17_7218850_r_Ref_1",32.4137661880984,0
"5M_1_7_chr17_74923074_74923075_NM_173477.4(USH1G):c.-2C|T_NM_001282489.2_utr5_2_0_chr17_74922910_r_Mut_1",59.5193121039643,0
"5M_1_7_chr17_75844512_75844513_NM_199242.2(UNC13D):c.-176G|A_NM_199242.2_utr5_31_0_chr17_75844338_r_Mut_1",60.1811094483519,0
"5M_1_7_chr17_75844512_75844513_NM_199242.2(UNC13D):c.-176G|A_NM_199242.2_utr5_31_0_chr17_75844338_r_Ref_1",73.7244384219929,0
"5M_1_7_chr17_75844614_75844615_NM_199242.2(UNC13D):c.-278C|T_NM_199242.2_utr5_31_0_chr17_75844338_r_Mut_1",52.7470101766518,0
"5M_1_7_chr17_75844614_75844615_NM_199242.2(UNC13D):c.-278C|T_NM_199242.2_utr5_31_0_chr17_75844338_r_Ref_1",66.5886667493302,0
"5M_1_7_chr17_7675239_7675240_NM_000546.5(TP53):c.376-4A|T_NM_001276698.1_utr5_7_0_chr17_7675135_r_Mut_1",97.0809584706241,0
"5M_1_7_chr17_7675239_7675240_NM_000546.5(TP53):c.376-4A|T_NM_001276698.1_utr5_7_0_chr17_7675135_r_Ref_1",265.857566569151,0
"5M_1_7_chr17_7687441_7687442_NM_001143990.1(WRAP53):c.-1-1206G|A_NM_001126118.1_utr5_9_0_chr17_7687377_r_Mut_1",61.7343713947404,0
"5M_1_7_chr17_7687441_7687442_NM_001143990.1(WRAP53):c.-1-1206G|A_NM_001126118.1_utr5_9_0_chr17_7687377_r_Ref_1",37.4324626993783,0
"5M_1_7_chr17_78997677_78997678_NM_138793.3(CANT1):c.-56C|G_NM_138793.3_utr5_2_0_chr17_78997623_r_Mut_1",91.0765782125771,0
"5M_1_7_chr17_78997677_78997678_NM_138793.3(CANT1):c.-56C|G_NM_138793.3_utr5_2_0_chr17_78997623_r_Ref_1",43.5651932024939,0
"5M_1_7_chr17_78997912_78997913_NM_138793.3(CANT1):c.-291C|T_NM_138793.3_utr5_2_0_chr17_78997623_r_Mut_1",136.450958094353,1
"5M_1_7_chr17_78997912_78997913_NM_138793.3(CANT1):c.-291C|T_NM_138793.3_utr5_2_0_chr17_78997623_r_Ref_2",26.7342476764553,1
"5M_1_7_chr17_78997943_78997944_NM_138793.3(CANT1):c.-322C|A_NM_138793.3_utr5_2_0_chr17_78997623_r_Mut_1",179.666534404535,1
"5M_1_7_chr17_79009718_79009719_NM_138793.3(CANT1):c.-397A|C_NM_001159772.1_utr5_5_0_chr17_79009664_r_Ref_3",42.1094710401415,0
"5M_1_7_chr17_79009749_79009750_NM_138793.3(CANT1):c.-428C|T_NM_001159772.1_utr5_5_0_chr17_79009664_r_Mut_1",23.0822401354348,0
"5M_1_7_chr17_79009749_79009750_NM_138793.3(CANT1):c.-428C|T_NM_001159772.1_utr5_5_0_chr17_79009664_r_Ref_1",182.195419090043,0
"5M_1_7_chr17_8015844_8015845_NM_000180.3(GUCY2D):c.3043+4A|T_ENST00000623126.1_utr5_0_0_chr17_8013327_r_Mut_1",23.1402291940258,0
"5M_1_7_chr17_8087489_8087490_NM_001139.2(ALOX12B):c.-48C|A_NM_001139.2_utr5_14_0_chr17_8087443_r_Mut_1",18.8781173792408,0
"5M_1_7_chr17_8087489_8087490_NM_001139.2(ALOX12B):c.-48C|A_NM_001139.2_utr5_14_0_chr17_8087443_r_Ref_1",15.5944697807786,0
"5M_1_7_chr17_8118255_8118256_NM_021628.2(ALOXE3):c.-266C|A_NM_021628.2_utr5_14_0_chr17_8117991_r_Mut_1",24.0879390840113,0
"5M_1_7_chr17_81936861_81936862_NM_006907.3(PYCR1):c.-48G|C_NM_006907.3_utr5_6_0_chr17_81936815_r_Mut_1",9.92029649891492,0
"5M_1_7_chr17_81936861_81936862_NM_006907.3(PYCR1):c.-48G|C_NM_006907.3_utr5_6_0_chr17_81936815_r_Ref_1",20.3954436392403,0
"5M_1_7_chr17_81936875_81936876_NM_006907.3(PYCR1):c.-62G|A_NM_006907.3_utr5_6_0_chr17_81936815_r_Mut_1",38.3274746184761,0
"5M_1_7_chr17_81936875_81936876_NM_006907.3(PYCR1):c.-62G|A_NM_006907.3_utr5_6_0_chr17_81936815_r_Ref_1",121.766769943753,0
"5M_1_7_chr17_81936890_81936891_NM_006907.3(PYCR1):c.-77G|A_NM_006907.3_utr5_6_0_chr17_81936815_r_Mut_1",24.9616891954814,0
"5M_1_7_chr17_81936890_81936891_NM_006907.3(PYCR1):c.-77G|A_NM_006907.3_utr5_6_0_chr17_81936815_r_Ref_1",33.593561078992,0
"5M_1_7_chr17_81937009_81937010_NM_006907.3(PYCR1):c.-196G|A_NM_006907.3_utr5_6_0_chr17_81936815_r_Mut_1",19.4000891550683,0
"5M_1_7_chr17_81937009_81937010_NM_006907.3(PYCR1):c.-196G|A_NM_006907.3_utr5_6_0_chr17_81936815_r_Ref_1",47.2677906103845,0
"5M_1_7_chr18_13885611_13885612_NM_000529.2(MC2R):c.-94G|A_NM_000529.2_utr5_0_0_chr18_13885519_r_Mut_1",17.4341620892134,1
"5M_1_7_chr18_13885611_13885612_NM_000529.2(MC2R):c.-94G|A_NM_000529.2_utr5_0_0_chr18_13885519_r_Ref_2",21.9477007283208,1
"5M_1_7_chr18_23586477_23586478_NM_000271.4(NPC1):c.-135C|T_NM_000271.4_utr5_24_0_chr18_23586344_r_Ref_1",64.75194144987,0
"5M_1_7_chr18_23586496_23586497_NM_000271.4(NPC1):c.-154C|T_NM_000271.4_utr5_24_0_chr18_23586344_r_Mut_1",45.5146658103803,0
"5M_1_7_chr18_23586496_23586497_NM_000271.4(NPC1):c.-154C|T_NM_000271.4_utr5_24_0_chr18_23586344_r_Ref_1",22.2737230553801,0
"5M_1_7_chr18_3011832_3011833_NM_014646.2(LPIN2):c.-125G|A_NM_014646.2_utr5_19_0_chr18_3011718_r_Mut_1",20.1127540315784,0
"5M_1_7_chr18_3011832_3011833_NM_014646.2(LPIN2):c.-125G|A_NM_014646.2_utr5_19_0_chr18_3011718_r_Ref_1",337.848449773971,0
"5M_1_7_chr18_3011880_3011881_NM_014646.2(LPIN2):c.-173A|T_NM_014646.2_utr5_19_0_chr18_3011718_r_Ref_1",33.0599201038732,0
"5M_1_7_chr18_31102125_31102126_NM_024422.4(DSC2):c.-155G|T_NM_004949.4_utr5_16_0_chr18_31101972_r_Mut_1",25.3695296995919,0
"5M_1_7_chr18_31102125_31102126_NM_024422.4(DSC2):c.-155G|T_NM_004949.4_utr5_16_0_chr18_31101972_r_Ref_1",66.1966588379448,0
"5M_1_7_chr18_49460512_49460513_NM_017653.4(DYM):c.-169G|A_NM_017653.3_utr5_16_0_chr18_49460398_r_Mut_1",77.6414536028743,0
"5M_1_7_chr18_49460512_49460513_NM_017653.4(DYM):c.-169G|A_NM_017653.3_utr5_16_0_chr18_49460398_r_Ref_1",78.624164246241,0
"5M_1_7_chr18_49460637_49460638_NM_017653.4(DYM):c.-294C|T_NM_017653.3_utr5_16_0_chr18_49460398_r_Mut_1",104.139472557983,0
"5M_1_7_chr18_50194968_50194969_NM_001080467.2(MYO5B):c.-176G|T_NM_001080467.2_utr5_39_0_chr18_50194794_r_Ref_1",74.632660790047,0
"5M_1_7_chr18_50195034_50195035_NM_001080467.2(MYO5B):c.-242C|G_NM_001080467.2_utr5_39_0_chr18_50194794_r_Mut_1",167.064891394466,0
"5M_1_7_chr18_55588264_55588265_NM_001083962.1(TCF4):c.-248C|T_NM_001083962.1_utr5_19_0_chr18_55588038_r_Mut_1",13.4960229847635,1
"5M_1_7_chr18_55588264_55588265_NM_001083962.1(TCF4):c.-248C|T_NM_001083962.1_utr5_19_0_chr18_55588038_r_Ref_1",24.4221165388543,1
"5M_1_7_chr18_55588378_55588379_NM_001083962.1(TCF4):c.-362A|C_NM_001083962.1_utr5_19_0_chr18_55588038_r_Mut_1",30.3001387474339,1
"5M_1_7_chr18_55588378_55588379_NM_001083962.1(TCF4):c.-362A|C_NM_001083962.1_utr5_19_0_chr18_55588038_r_Ref_1",67.4787183361717,1
"5M_1_7_chr18_55588490_55588491_NM_001083962.1(TCF4):c.-474T|G_NM_001083962.1_utr5_19_0_chr18_55588038_r_Mut_1",46.5389689552826,1
"5M_1_7_chr18_55588490_55588491_NM_001083962.1(TCF4):c.-474T|G_NM_001083962.1_utr5_19_0_chr18_55588038_r_Ref_1",22.2329825912441,1
"5M_1_7_chr18_60372723_60372724_NM_005912.2(MC4R):c.-375G|T_NM_005912.2_utr5_0_0_chr18_60372350_r_Mut_1",119.482623740642,1
"5M_1_7_chr19_10380510_10380511_NM_003331.4(TYK2):c.-317G|A_NM_003331.4_utr5_24_0_chr19_10380380_r_Mut_1",46.7265829719055,0
"5M_1_7_chr19_10380510_10380511_NM_003331.4(TYK2):c.-317G|A_NM_003331.4_utr5_24_0_chr19_10380380_r_Ref_1",31.3720300312469,0
"5M_1_7_chr19_11384214_11384215_NM_000121.3(EPOR):c.-8G|T_NM_000121.3_utr5_7_0_chr19_11384208_r_Mut_1",42.5329486956705,0
"5M_1_7_chr19_11384214_11384215_NM_000121.3(EPOR):c.-8G|T_NM_000121.3_utr5_7_0_chr19_11384208_r_Ref_1",28.64388806134,0
"5M_1_7_chr19_11384274_11384275_NM_000121.3(EPOR):c.-68G|A_NM_000121.3_utr5_7_0_chr19_11384208_r_Ref_1",31.2761976755252,0
"5M_1_7_chr19_1393225_1393226_NM_024407.4(NDUFS7):c.456-16G|A_ENST00000501448.5_utr5_0_0_chr19_1392170_r_Ref_1",21.3569205984196,0
"5M_1_7_chr19_1395495_1395496_NM_024407.4(NDUFS7):c.*8G|A_ENST00000501448.5_utr5_2_0_chr19_1394804_r_Ref_1",22.5650986912514,0
"5M_1_7_chr19_1395505_1395508_NM_024407.4(NDUFS7):c.*18_*20delCCG_ENST00000501448.5_utr5_2_0_chr19_1394804_r_Mut_1",107.704153105828,0
"5M_1_7_chr19_1395505_1395508_NM_024407.4(NDUFS7):c.*18_*20delCCG_ENST00000501448.5_utr5_2_0_chr19_1394804_r_Ref_1",30.4074887631333,0
"5M_1_7_chr19_29714975_29714976_NM_001031726.3(C19orf12):c.-47G|C_NM_001282929.1_utr5_1_0_chr19_29714907_r_Mut_1",39.5869371673586,0
"5M_1_7_chr19_29714975_29714976_NM_001031726.3(C19orf12):c.-47G|C_NM_001282929.1_utr5_1_0_chr19_29714907_r_Ref_1",49.4434070727741,0
"5M_1_7_chr19_29715000_29715001_NM_001031726.3(C19orf12):c.-72G|T_NM_001282929.1_utr5_1_0_chr19_29714907_r_Mut_1",107.87495817096,0
"5M_1_7_chr19_29715000_29715001_NM_001031726.3(C19orf12):c.-72G|T_NM_001282929.1_utr5_1_0_chr19_29714907_r_Ref_2",57.1060862176251,0
"5M_1_7_chr19_32869692_32869693_NM_014270.4(SLC7A9):c.-119G|A_NM_001243036.1_utr5_12_0_chr19_32869677_r_Ref_2",136.773250297845,0
"5M_1_7_chr19_38528512_38528513_NM_000540.2(RYR1):c.10938-86A|G_ENST00000597015.1_utr5_2_0_chr19_38528321_r_Mut_1",76.0588553952705,0
"5M_1_7_chr19_38528512_38528513_NM_000540.2(RYR1):c.10938-86A|G_ENST00000597015.1_utr5_2_0_chr19_38528321_r_Ref_1",32.5271144771263,0
"5M_1_7_chr19_38930754_38930755_NM_017827.3(SARS2):c.-19G|T_NM_001145901.1_utr5_16_0_chr19_38930737_r_Mut_1",309.247933331985,0
"5M_1_7_chr19_38930754_38930755_NM_017827.3(SARS2):c.-19G|T_NM_001145901.1_utr5_16_0_chr19_38930737_r_Ref_1",43.9926894561679,0
"5M_1_7_chr19_38930841_38930842_NM_017827.3(SARS2):c.-106A|T_NM_001145901.1_utr5_16_0_chr19_38930737_r_Mut_1",27.9481271503062,0
"5M_1_7_chr19_38930841_38930842_NM_017827.3(SARS2):c.-106A|T_NM_001145901.1_utr5_16_0_chr19_38930737_r_Ref_1",30.3560776179423,0
"5M_1_7_chr19_45370529_45370530_NM_000400.3(ERCC2):c.5+6A|C_NM_001130867.1_utr5_11_0_chr19_45370166_r_Mut_1",177.833835693138,0
"5M_1_7_chr19_45370529_45370530_NM_000400.3(ERCC2):c.5+6A|C_NM_001130867.1_utr5_11_0_chr19_45370166_r_Ref_1",20.6189970524951,0
"5M_1_7_chr19_48993130_48993131_NM_002103.4(GYS1):c.-19C|A_NM_002103.4_utr5_15_0_chr19_48993113_r_Mut_1",107.3443346425,0
"5M_1_7_chr19_48993130_48993131_NM_002103.4(GYS1):c.-19C|A_NM_002103.4_utr5_15_0_chr19_48993113_r_Ref_2",33.5118339166768,0
"5M_1_7_chr19_48993137_48993138_NM_002103.4(GYS1):c.-26C|T_NM_002103.4_utr5_15_0_chr19_48993113_r_Mut_1",58.6039278568287,0
"5M_1_7_chr19_48993283_48993284_NM_002103.4(GYS1):c.-172T|C_NM_002103.4_utr5_15_0_chr19_48993113_r_Mut_1",81.4549025934623,0
"5M_1_7_chr19_48993283_48993284_NM_002103.4(GYS1):c.-172T|C_NM_002103.4_utr5_15_0_chr19_48993113_r_Ref_1",120.897046211711,0
"5M_1_7_chr19_50310126_50310127_NM_024729.3(MYH14):c.*337C|T_ENST00000595563.1_utr5_0_0_chr19_50310022_r_Mut_1",66.2031308586909,0
"5M_1_7_chr19_50310126_50310127_NM_024729.3(MYH14):c.*337C|T_ENST00000595563.1_utr5_0_0_chr19_50310022_r_Ref_1",15.0296764212979,0
"5M_1_7_chr19_50310320_50310321_NM_024729.3(MYH14):c.*531C|T_ENST00000595563.1_utr5_1_0_chr19_50310234_r_Mut_1",31.9853492245148,0
"5M_1_7_chr19_50310320_50310321_NM_024729.3(MYH14):c.*531C|T_ENST00000595563.1_utr5_1_0_chr19_50310234_r_Ref_1",35.5730072753864,0
"5M_1_7_chr19_50310456_50310457_NM_024729.3(MYH14):c.*667G|A_ENST00000595563.1_utr5_1_0_chr19_50310234_r_Mut_1",39.0285049699644,0
"5M_1_7_chr19_50310456_50310457_NM_024729.3(MYH14):c.*667G|A_ENST00000595563.1_utr5_1_0_chr19_50310234_r_Ref_1",55.1439508332117,0
"5M_1_7_chr19_54115598_54115599_NM_015629.3(PRPF31):c.-207G|A_NM_013342.3_utr5_5_0_chr19_54115270_r_Mut_1",52.0634036629777,0
"5M_1_7_chr19_54115598_54115599_NM_015629.3(PRPF31):c.-207G|A_NM_013342.3_utr5_5_0_chr19_54115270_r_Ref_1",62.353115946906,0
"5M_1_7_chr19_54123568_54123569_NM_015629.3(PRPF31):c.527+9G|T_ENST00000452097.1_utr5_3_0_chr19_54122492_r_Mut_1",31.6843815775964,0
"5M_1_7_chr19_54123568_54123569_NM_015629.3(PRPF31):c.527+9G|T_ENST00000452097.1_utr5_3_0_chr19_54122492_r_Ref_1",27.4483541579886,0
"5M_1_7_chr19_55157691_55157692_NM_000363.4(TNNI3):c.-103C|T_NM_000363.4_utr5_7_0_chr19_55157590_r_Mut_1",29.8066236798841,0
"5M_1_7_chr19_55166678_55166679_NM_001256714.1(DNAAF3):c.-31T|C_NM_001256716.1_utr5_11_0_chr19_55166512_r_Mut_1",59.4547682018699,1
"5M_1_7_chr19_55166691_55166692_NM_001256714.1(DNAAF3):c.-44C|T_NM_001256716.1_utr5_11_0_chr19_55166512_r_Mut_1",78.768953540546,1
"5M_1_7_chr19_55166691_55166692_NM_001256714.1(DNAAF3):c.-44C|T_NM_001256716.1_utr5_11_0_chr19_55166512_r_Ref_2",68.116485019668,1
"5M_1_7_chr19_5903850_5903851_NM_175614.4(NDUFA11):c.-143C|G_NM_001193375.1_utr5_3_0_chr19_5903709_r_Mut_1",30.2965966502446,1
"5M_1_7_chr19_5903850_5903851_NM_175614.4(NDUFA11):c.-143C|G_NM_001193375.1_utr5_3_0_chr19_5903709_r_Ref_1",40.198238711841,1
"5M_1_7_chr19_5903917_5903918_NM_175614.4(NDUFA11):c.-210T|C_NM_001193375.1_utr5_3_0_chr19_5903709_r_Mut_1",185.777939144705,0
"5M_1_7_chr19_5903917_5903918_NM_175614.4(NDUFA11):c.-210T|C_NM_001193375.1_utr5_3_0_chr19_5903709_r_Ref_1",41.3867669745701,0
"5M_1_7_chr19_8608176_8608177_NM_030957.3(ADAMTS10):c.-143G|C_NM_030957.3_utr5_24_0_chr19_8608134_r_Mut_1",23.4379424718422,0
"5M_1_7_chr2_10054779_10054780_NM_003597.4(KLF11):c.*2273C|T_ENST00000607181.1_utr5_0_0_chr2_10054421_r_Mut_1",20.8878306570913,1
"5M_1_7_chr2_10054779_10054780_NM_003597.4(KLF11):c.*2273C|T_ENST00000607181.1_utr5_0_0_chr2_10054421_r_Ref_1",18.8278075120552,1
"5M_1_7_chr2_10054780_10054781_NM_003597.4(KLF11):c.*2274G|A_ENST00000607181.1_utr5_0_0_chr2_10054421_r_Mut_1",14.0742525129942,1
"5M_1_7_chr2_10054780_10054781_NM_003597.4(KLF11):c.*2274G|A_ENST00000607181.1_utr5_0_0_chr2_10054421_r_Ref_1",24.2508475445184,1
"5M_1_7_chr2_108989166_108989167_NM_022336.3(EDAR):c.-226T|C_NM_022336.3_utr5_11_0_chr2_108988960_r_Mut_1",109.37536757339,0
"5M_1_7_chr2_108989166_108989167_NM_022336.3(EDAR):c.-226T|C_NM_022336.3_utr5_11_0_chr2_108988960_r_Ref_1",77.2127734375857,0
"5M_1_7_chr2_108989175_108989176_NM_022336.3(EDAR):c.-235G|A_NM_022336.3_utr5_11_0_chr2_108988960_r_Mut_1",75.0347974233354,0
"5M_1_7_chr2_108989175_108989176_NM_022336.3(EDAR):c.-235G|A_NM_022336.3_utr5_11_0_chr2_108988960_r_Ref_1",43.2354682816696,0
"5M_1_7_chr2_108989354_108989355_NM_022336.3(EDAR):c.-414A|G_NM_022336.3_utr5_11_0_chr2_108988960_r_Mut_1",32.7774859317454,1
"5M_1_7_chr2_108989354_108989355_NM_022336.3(EDAR):c.-414A|G_NM_022336.3_utr5_11_0_chr2_108988960_r_Ref_2",14.4768130223953,1
"5M_1_7_chr2_127107105_127107106_NM_139343.2(BIN1):c.-163T|C_NM_139343.2_utr5_18_0_chr2_127106944_r_Mut_1",238.197015836408,0
"5M_1_7_chr2_149587755_149587756_NM_015702.2(MMADHC):c.-145A|G_NM_015702.2_utr5_7_0_chr2_149587664_r_Mut_1",22.6021588965356,1
"5M_1_7_chr2_149587755_149587756_NM_015702.2(MMADHC):c.-145A|G_NM_015702.2_utr5_7_0_chr2_149587664_r_Ref_1",21.3994848963075,1
"5M_1_7_chr2_157818431_157818432_NM_001105.4(ACVR1):c.-55C|T_NM_001105.4_utr5_9_0_chr2_157818385_r_Mut_1",16.4728050983539,0
"5M_1_7_chr2_157818431_157818432_NM_001105.4(ACVR1):c.-55C|T_NM_001105.4_utr5_9_0_chr2_157818385_r_Ref_2",22.1175472486255,0
"5M_1_7_chr2_165794143_165794144_NM_004482.3(GALNT3):c.-238C|T_NM_004482.3_utr5_10_0_chr2_165794015_r_Mut_1",28.638565388541,0
"5M_1_7_chr2_165794143_165794144_NM_004482.3(GALNT3):c.-238C|T_NM_004482.3_utr5_10_0_chr2_165794015_r_Ref_1",47.4803806166712,0
"5M_1_7_chr2_165794263_165794264_NM_004482.3(GALNT3):c.-358C|T_NM_004482.3_utr5_10_0_chr2_165794015_r_Mut_1",88.7819665344064,0
"5M_1_7_chr2_165794263_165794264_NM_004482.3(GALNT3):c.-358C|T_NM_004482.3_utr5_10_0_chr2_165794015_r_Ref_1",29.6439708514042,0
"5M_1_7_chr2_165953721_165953722_NM_024753.4(TTC21B):c.-17C|T_NM_024753.4_utr5_28_0_chr2_165953706_r_Mut_1",67.8254620435763,0
"5M_1_7_chr2_165953721_165953722_NM_024753.4(TTC21B):c.-17C|T_NM_024753.4_utr5_28_0_chr2_165953706_r_Ref_3",33.097843101765,0
"5M_1_7_chr2_165953768_165953769_NM_024753.4(TTC21B):c.-64G|A_NM_024753.4_utr5_28_0_chr2_165953706_r_Mut_1",38.7537537738985,0
"5M_1_7_chr2_165953786_165953787_NM_024753.4(TTC21B):c.-82C|G_NM_024753.4_utr5_28_0_chr2_165953706_r_Ref_5",16.7698189297792,0
"5M_1_7_chr2_165953811_165953812_NM_024753.4(TTC21B):c.-107C|T_NM_024753.4_utr5_28_0_chr2_165953706_r_Mut_1",29.7888080141868,0
"5M_1_7_chr2_170816941_170816942_NM_000817.2(GAD1):c.-170G|A_ENST00000418106.1_utr5_1_0_chr2_170816854_r_Mut_1",31.041136170836,0
"5M_1_7_chr2_170816941_170816942_NM_000817.2(GAD1):c.-170G|A_ENST00000418106.1_utr5_1_0_chr2_170816854_r_Ref_1",26.2768725995573,0
"5M_1_7_chr2_170816950_170816951_NM_000817.2(GAD1):c.-161G|A_ENST00000418106.1_utr5_1_0_chr2_170816854_r_Mut_1",14.979608174813,0
"5M_1_7_chr2_170816950_170816951_NM_000817.2(GAD1):c.-161G|A_ENST00000418106.1_utr5_1_0_chr2_170816854_r_Ref_2",86.2005321117278,0
"5M_1_7_chr2_175004985_175004986_NM_001822.5(CHN1):c.-74C|T_NM_001822.5_utr5_12_0_chr2_175004913_r_Mut_1",14.4525368766952,0
"5M_1_7_chr2_175004985_175004986_NM_001822.5(CHN1):c.-74C|T_NM_001822.5_utr5_12_0_chr2_175004913_r_Ref_1",34.3408628843432,0
"5M_1_7_chr2_175005015_175005016_NM_001822.5(CHN1):c.-104C|T_NM_001822.5_utr5_12_0_chr2_175004913_r_Mut_1",23.4066936307786,0
"5M_1_7_chr2_175005071_175005072_NM_001822.5(CHN1):c.-160C|G_NM_001822.5_utr5_12_0_chr2_175004913_r_Mut_1",60.8524348265349,1
"5M_1_7_chr2_175005071_175005072_NM_001822.5(CHN1):c.-160C|G_NM_001822.5_utr5_12_0_chr2_175004913_r_Ref_1",42.8290635678526,1
"5M_1_7_chr2_178451040_178451041_NM_003690.4(PRKRA):c.-11C|T_NM_001316362.1_utr5_8_0_chr2_178450966_r_Mut_1",18.7103072929255,0
"5M_1_7_chr2_178451040_178451041_NM_003690.4(PRKRA):c.-11C|T_NM_001316362.1_utr5_8_0_chr2_178450966_r_Ref_1",60.0278483017629,0
"5M_1_7_chr2_178451133_178451134_NM_003690.4(PRKRA):c.-104G|A_NM_001316362.1_utr5_8_0_chr2_178450966_r_Mut_1",20.1128783677532,0
"5M_1_7_chr2_178451133_178451134_NM_003690.4(PRKRA):c.-104G|A_NM_001316362.1_utr5_8_0_chr2_178450966_r_Ref_1",60.2864361531528,0
"5M_1_7_chr2_178451146_178451147_NM_003690.4(PRKRA):c.-117C|T_NM_001316362.1_utr5_8_0_chr2_178450966_r_Ref_1",119.356235390354,0
"5M_1_7_chr2_178451162_178451163_NM_003690.4(PRKRA):c.-133C|G_NM_001316362.1_utr5_8_0_chr2_178450966_r_Mut_1",60.014243877025,0
"5M_1_7_chr2_178451162_178451163_NM_003690.4(PRKRA):c.-133C|G_NM_001316362.1_utr5_8_0_chr2_178450966_r_Ref_1",33.1617115935433,0
"5M_1_7_chr2_178451203_178451204_NM_003690.4(PRKRA):c.-174A|C_NM_001316362.1_utr5_8_0_chr2_178450966_r_Mut_1",69.4726321073392,0
"5M_1_7_chr2_178451203_178451204_NM_003690.4(PRKRA):c.-174A|C_NM_001316362.1_utr5_8_0_chr2_178450966_r_Ref_1",87.0908721799748,0
"5M_1_7_chr2_178807315_178807316_NM_133378.4(TTN):c.-118G|A_NM_001267550.2_utr5_362_0_chr2_178807212_r_Mut_1",22.0440878265425,1
"5M_1_7_chr2_178807315_178807316_NM_133378.4(TTN):c.-118G|A_NM_001267550.2_utr5_362_0_chr2_178807212_r_Ref_1",39.8098173330448,1
"5M_1_7_chr2_189580473_189580474_NM_014585.5(SLC40A1):c.-14G|C_NM_014585.5_utr5_7_0_chr2_189580461_r_Mut_1",23.4973430129764,1
"5M_1_7_chr2_189580473_189580474_NM_014585.5(SLC40A1):c.-14G|C_NM_014585.5_utr5_7_0_chr2_189580461_r_Ref_2",29.6885267806801,1
"5M_1_7_chr2_189580490_189580491_NM_014585.5(SLC40A1):c.-31C|G_NM_014585.5_utr5_7_0_chr2_189580461_r_Mut_1",51.8557302888669,1
"5M_1_7_chr2_189580712_189580713_NM_014585.5(SLC40A1):c.-253C|A_NM_014585.5_utr5_7_0_chr2_189580461_r_Mut_1",200.481404615906,1
"5M_1_7_chr2_189580712_189580713_NM_014585.5(SLC40A1):c.-253C|A_NM_014585.5_utr5_7_0_chr2_189580461_r_Ref_1",38.3514927305284,1
"5M_1_7_chr2_190062612_190062613_NM_005259.2(MSTN):c.-17A|C_NM_005259.2_utr5_2_0_chr2_190062597_r_Mut_1",52.0571563461515,1
"5M_1_7_chr2_190062612_190062613_NM_005259.2(MSTN):c.-17A|C_NM_005259.2_utr5_2_0_chr2_190062597_r_Ref_1",28.8736783467825,1
"5M_1_7_chr2_191013688_191013689_NM_007315.3(STAT1):c.-155-11T|A_ENST00000409465.5_utr5_23_0_chr2_191013525_r_Mut_1",44.373174061247,1
"5M_1_7_chr2_191013688_191013689_NM_007315.3(STAT1):c.-155-11T|A_ENST00000409465.5_utr5_23_0_chr2_191013525_r_Ref_1",93.5791270739069,1
"5M_1_7_chr2_197499906_197499907_NM_002156.4(HSPD1):c.-128C|G_NM_002156.4_utr5_11_0_chr2_197499782_r_Mut_1",40.2723052805728,0
"5M_1_7_chr2_197499906_197499907_NM_002156.4(HSPD1):c.-128C|G_NM_002156.4_utr5_11_0_chr2_197499782_r_Ref_1",18.2347949740541,0
"5M_1_7_chr2_201781143_201781144_NM_020919.3(ALS2):c.-328A|G_NM_020919.3_utr5_33_0_chr2_201780877_r_Mut_1",20.9852891012327,1
"5M_1_7_chr2_201781143_201781144_NM_020919.3(ALS2):c.-328A|G_NM_020919.3_utr5_33_0_chr2_201780877_r_Ref_2",59.0869995802178,1
"5M_1_7_chr2_206765526_206765527_NM_014929.3(FASTKD2):c.-178T|C_NM_001039845.2_utr5_11_0_chr2_206765272_r_Mut_1",34.9092473661014,0
"5M_1_7_chr2_206765526_206765527_NM_014929.3(FASTKD2):c.-178T|C_NM_001039845.2_utr5_11_0_chr2_206765272_r_Ref_1",18.1728077894086,0
"5M_1_7_chr2_214809572_214809573_NM_000465.3(BARD1):c.-4G|A_NM_000465.3_utr5_10_0_chr2_214809570_r_Mut_1",21.3990825096124,0
"5M_1_7_chr2_214809572_214809573_NM_000465.3(BARD1):c.-4G|A_NM_000465.3_utr5_10_0_chr2_214809570_r_Ref_3",103.93895975689,0
"5M_1_7_chr2_216412629_216412630_NM_014140.3(SMARCAL1):c.-114G|A_ENST00000457694.1_utr5_4_0_chr2_216412425_r_Mut_1",15.6310263154869,0
"5M_1_7_chr2_216412629_216412630_NM_014140.3(SMARCAL1):c.-114G|A_ENST00000457694.1_utr5_4_0_chr2_216412425_r_Ref_1",73.7190610925679,0
"5M_1_7_chr2_219571439_219571440_NM_015311.2(OBSL1):c.-208G|C_NM_015311.2_utr5_20_0_chr2_219571233_r_Mut_1",22.6189007177122,0
"5M_1_7_chr2_219571439_219571440_NM_015311.2(OBSL1):c.-208G|C_NM_015311.2_utr5_20_0_chr2_219571233_r_Ref_1",54.8537267541001,0
"5M_1_7_chr2_219571440_219571441_NM_015311.2(OBSL1):c.-209C|G_NM_015311.2_utr5_20_0_chr2_219571233_r_Mut_1",77.1982567802731,0
"5M_1_7_chr2_219571440_219571441_NM_015311.2(OBSL1):c.-209C|G_NM_015311.2_utr5_20_0_chr2_219571233_r_Ref_1",57.5440559811517,0
"5M_1_7_chr2_222298770_222298771_NM_181457.3(PAX3):c.-156C|T_NM_181458.3_utr5_8_0_chr2_222298616_r_Mut_1",133.209820539528,0
"5M_1_7_chr2_222298770_222298771_NM_181457.3(PAX3):c.-156C|T_NM_181458.3_utr5_8_0_chr2_222298616_r_Ref_2",105.908174222748,0
"5M_1_7_chr2_222298862_222298863_NM_181457.3(PAX3):c.-248A|C_NM_181458.3_utr5_8_0_chr2_222298616_r_Mut_1",93.3797962085674,0
"5M_1_7_chr2_222298862_222298863_NM_181457.3(PAX3):c.-248A|C_NM_181458.3_utr5_8_0_chr2_222298616_r_Ref_1",15.6050988922775,0
"5M_1_7_chr2_227147561_227147562_NM_000092.4(COL4A4):c.-79C|T_NM_000092.4_utr5_46_0_chr2_227147484_r_Mut_1",37.4022857610553,1
"5M_1_7_chr2_227147561_227147562_NM_000092.4(COL4A4):c.-79C|T_NM_000092.4_utr5_46_0_chr2_227147484_r_Ref_1",24.2835138314282,1
"5M_1_7_chr2_227164038_227164039_NM_000092.4(COL4A4):c.-134C|G_NM_000092.4_utr5_47_0_chr2_227164007_r_Mut_1",70.0566527837893,0
"5M_1_7_chr2_227164312_227164313_NM_000092.4(COL4A4):c.-408G|A_NM_000092.4_utr5_47_0_chr2_227164007_r_Mut_1",23.670667433788,1
"5M_1_7_chr2_227164312_227164313_NM_000092.4(COL4A4):c.-408G|A_NM_000092.4_utr5_47_0_chr2_227164007_r_Ref_1",23.0598236312007,1
"5M_1_7_chr2_227164459_227164460_NM_000092.4(COL4A4):c.-555G|A_NM_000092.4_utr5_47_0_chr2_227164007_r_Mut_1",17.3113314993475,0
"5M_1_7_chr2_227164459_227164460_NM_000092.4(COL4A4):c.-555G|A_NM_000092.4_utr5_47_0_chr2_227164007_r_Ref_1",106.324539691467,0
"5M_1_7_chr2_232767819_232767820_NM_002242.4(KCNJ13):c.*371T|C_ENST00000427571.1_utr5_2_0_chr2_232767679_r_Mut_1",10.0579023721865,1
"5M_1_7_chr2_232767819_232767820_NM_002242.4(KCNJ13):c.*371T|C_ENST00000427571.1_utr5_2_0_chr2_232767679_r_Ref_1",14.4752057496388,1
"5M_1_7_chr2_232776501_232776502_NM_002242.4(KCNJ13):c.-74C|T_NM_002242.4_utr5_2_0_chr2_232776445_r_Mut_1",33.2384329864277,1
"5M_1_7_chr2_232776501_232776502_NM_002242.4(KCNJ13):c.-74C|T_NM_002242.4_utr5_2_0_chr2_232776445_r_Ref_2",21.5014896275802,1
"5M_1_7_chr2_240025392_240025393_NM_004544.3(NDUFA10):c.-92C|T_NM_004544.3_utr5_9_0_chr2_240025302_r_Mut_1",161.518787976358,0
"5M_1_7_chr2_240025393_240025394_NM_004544.3(NDUFA10):c.-93G|T_NM_004544.3_utr5_9_0_chr2_240025302_r_Mut_1",49.6872058364604,0
"5M_1_7_chr2_241735128_241735129_NM_152783.4(D2HGDH):c.-92-4C|G_ENST00000400768.2_utr5_1_0_chr2_241735117_r_Mut_1",34.1352231111061,0
"5M_1_7_chr2_241735187_241735188_NM_152783.4(D2HGDH):c.-37C|T_ENST00000400768.2_utr5_1_0_chr2_241735117_r_Mut_1",42.5169024276065,0
"5M_1_7_chr2_241735187_241735188_NM_152783.4(D2HGDH):c.-37C|T_ENST00000400768.2_utr5_1_0_chr2_241735117_r_Ref_1",88.1239528756963,0
"5M_1_7_chr2_25168629_25168630_NM_001035256.2(POMC):c.-203A|G_NM_001319204.1_utr5_3_0_chr2_25168498_r_Mut_1",16.0930055189841,0
"5M_1_7_chr2_25168629_25168630_NM_001035256.2(POMC):c.-203A|G_NM_001319204.1_utr5_3_0_chr2_25168498_r_Ref_1",17.4796998615193,0
"5M_1_7_chr2_26558624_26558625_NM_194248.2(OTOF):c.-54G|A_NM_194248.2_utr5_46_0_chr2_26558572_r_Mut_1",60.643896621405,0
"5M_1_7_chr2_26558634_26558635_NM_194248.2(OTOF):c.-64G|A_NM_194248.2_utr5_46_0_chr2_26558572_r_Mut_1",18.5265602664116,0
"5M_1_7_chr2_26558643_26558644_NM_194248.2(OTOF):c.-73G|A_NM_194248.2_utr5_46_0_chr2_26558572_r_Mut_1",36.2400597077466,0
"5M_1_7_chr2_26558643_26558644_NM_194248.2(OTOF):c.-73G|A_NM_194248.2_utr5_46_0_chr2_26558572_r_Ref_4",83.5586056784327,0
"5M_1_7_chr2_26558666_26558672_NM_194248.2(OTOF):c.-101_-96delAGGAGG_NM_194248.2_utr5_46_0_chr2_26558572_r_Mut_1",57.5154846474821,0
"5M_1_7_chr2_26558666_26558672_NM_194248.2(OTOF):c.-101_-96delAGGAGG_NM_194248.2_utr5_46_0_chr2_26558572_r_Ref_1",56.4302576402756,0
"5M_1_7_chr2_26558683_26558684_NM_194248.2(OTOF):c.-113G|A_NM_194248.2_utr5_46_0_chr2_26558572_r_Mut_1",44.2301715813043,0
"5M_1_7_chr2_27380576_27380577_NM_144631.5(ZNF513):c.-51C|T_NM_144631.5_utr5_3_0_chr2_27380527_r_Mut_1",17.1686681699375,0
"5M_1_7_chr2_29920950_29920951_NM_004304.4(ALK):c.-292G|A_NM_004304.4_utr5_28_0_chr2_29920660_r_Ref_1",23.9433376225072,0
"5M_1_7_chr2_29921073_29921074_NM_004304.4(ALK):c.-415T|C_NM_004304.4_utr5_28_0_chr2_29920660_r_Mut_1",37.9160935930201,0
"5M_1_7_chr2_29921073_29921074_NM_004304.4(ALK):c.-415T|C_NM_004304.4_utr5_28_0_chr2_29920660_r_Ref_1",17.9911939304677,0
"5M_1_7_chr2_29921224_29921225_NM_004304.4(ALK):c.-566G|T_NM_004304.4_utr5_28_0_chr2_29920660_r_Mut_1",17.5457278036053,0
"5M_1_7_chr2_29921224_29921225_NM_004304.4(ALK):c.-566G|T_NM_004304.4_utr5_28_0_chr2_29920660_r_Ref_1",74.8797803731673,0
"5M_1_7_chr2_29921484_29921485_NM_004304.4(ALK):c.-826C|A_NM_004304.4_utr5_28_0_chr2_29920660_r_Mut_1",44.1545504182391,0
"5M_1_7_chr2_29921484_29921485_NM_004304.4(ALK):c.-826C|A_NM_004304.4_utr5_28_0_chr2_29920660_r_Ref_1",56.690425727767,0
"5M_1_7_chr2_38075974_38075975_NM_000104.3(CYP1B1):c.-197C|G_NM_000104.3_utr5_2_0_chr2_38075780_r_Mut_1",146.257030595364,0
"5M_1_7_chr2_38075974_38075975_NM_000104.3(CYP1B1):c.-197C|G_NM_000104.3_utr5_2_0_chr2_38075780_r_Ref_1",376.119256823031,0
"5M_1_7_chr2_38076137_38076138_NM_000104.3(CYP1B1):c.-360G|C_NM_000104.3_utr5_2_0_chr2_38075780_r_Ref_1",90.5178331303724,0
"5M_1_7_chr2_46915749_46915750_NM_139279.5(MCFD2):c.-34C|A_NM_001171506.2_utr5_4_0_chr2_46915723_r_Mut_1",24.3546675149919,0
"5M_1_7_chr2_46915749_46915750_NM_139279.5(MCFD2):c.-34C|A_NM_001171506.2_utr5_4_0_chr2_46915723_r_Ref_1",19.4967391788827,0
"5M_1_7_chr2_46915804_46915806_NM_139279.5(MCFD2):c.-90_-89delCG_NM_001171506.2_utr5_4_0_chr2_46915723_r_Ref_1",13.6347692069976,0
"5M_1_7_chr2_51028481_51028482_NM_001135659.2(NRXN1):c.-209A|G_NM_001135659.1_utr5_22_0_chr2_51028274_r_Mut_1",26.358278746072,0
"5M_1_7_chr2_51028496_51028497_NM_001135659.2(NRXN1):c.-224G|A_NM_001135659.1_utr5_22_0_chr2_51028274_r_Mut_1",32.407044636614,0
"5M_1_7_chr2_51028496_51028497_NM_001135659.2(NRXN1):c.-224G|A_NM_001135659.1_utr5_22_0_chr2_51028274_r_Ref_1",34.2130932374457,0
"5M_1_7_chr2_51028554_51028555_NM_001135659.2(NRXN1):c.-282G|A_NM_001135659.1_utr5_22_0_chr2_51028274_r_Mut_1",79.8666068711414,0
"5M_1_7_chr2_51028725_51028726_NM_001135659.2(NRXN1):c.-453T|C_NM_001135659.1_utr5_22_0_chr2_51028274_r_Mut_1",52.8449564262339,1
"5M_1_7_chr2_51028725_51028726_NM_001135659.2(NRXN1):c.-453T|C_NM_001135659.1_utr5_22_0_chr2_51028274_r_Ref_1",66.6953982090265,1
"5M_1_7_chr2_51028737_51028738_NM_001135659.2(NRXN1):c.-465T|C_NM_001135659.1_utr5_22_0_chr2_51028274_r_Mut_1",110.179737953887,1
"5M_1_7_chr2_51028737_51028738_NM_001135659.2(NRXN1):c.-465T|C_NM_001135659.1_utr5_22_0_chr2_51028274_r_Ref_1",39.0473709805638,1
"5M_1_7_chr2_51029019_51029020_NM_001135659.2(NRXN1):c.-747C|G_NM_001135659.1_utr5_22_0_chr2_51028274_r_Mut_1",11.8709718429779,1
"5M_1_7_chr2_51029019_51029020_NM_001135659.2(NRXN1):c.-747C|G_NM_001135659.1_utr5_22_0_chr2_51028274_r_Ref_1",64.7026234742269,1
"5M_1_7_chr2_51029085_51029086_NM_001135659.2(NRXN1):c.-813A|G_NM_001135659.1_utr5_22_0_chr2_51028274_r_Mut_1",77.6306840281157,0
"5M_1_7_chr2_51029085_51029086_NM_001135659.2(NRXN1):c.-813A|G_NM_001135659.1_utr5_22_0_chr2_51028274_r_Ref_1",44.5095042652531,0
"5M_1_7_chr2_51032277_51032278_NM_001135659.2(NRXN1):c.-1219C|T_NM_001135659.1_utr5_23_0_chr2_51031981_r_Mut_1",21.9569168222378,0
"5M_1_7_chr2_51032277_51032278_NM_001135659.2(NRXN1):c.-1219C|T_NM_001135659.1_utr5_23_0_chr2_51031981_r_Ref_1",74.189195256998,0
"5M_1_7_chr2_51032331_51032332_NM_001135659.2(NRXN1):c.-1273G|A_NM_001135659.1_utr5_23_0_chr2_51031981_r_Mut_1",31.3839074004716,0
"5M_1_7_chr2_51032331_51032332_NM_001135659.2(NRXN1):c.-1273G|A_NM_001135659.1_utr5_23_0_chr2_51031981_r_Ref_1",25.0575011700122,0
"5M_1_7_chr2_51032392_51032393_NM_001135659.2(NRXN1):c.-1334C|G_NM_001135659.1_utr5_23_0_chr2_51031981_r_Mut_1",40.4304502777213,0
"5M_1_7_chr2_51032504_51032510_NM_001135659.2(NRXN1):c.-1451_-1446delTTCTTT_NM_001135659.1_utr5_23_0_chr2_51031981_r_Mut_1",19.6280412604151,0
"5M_1_7_chr2_51032506_51032516_NM_001135659.2(NRXN1):c.-1457_-1448delCTCTCTTTCT_NM_001135659.1_utr5_23_0_chr2_51031981_r_Mut_1",108.377549966194,1
"5M_1_7_chr2_51032506_51032516_NM_001135659.2(NRXN1):c.-1457_-1448delCTCTCTTTCT_NM_001135659.1_utr5_23_0_chr2_51031981_r_Ref_2",27.0919136312992,1
"5M_1_7_chr2_51032510_51032516_NM_001135659.2(NRXN1):c.-1457_-1452delCTCTCT_NM_001135659.1_utr5_23_0_chr2_51031981_r_Mut_1",31.2763086951992,1
"5M_1_7_chr2_51032510_51032516_NM_001135659.2(NRXN1):c.-1457_-1452delCTCTCT_NM_001135659.1_utr5_23_0_chr2_51031981_r_Ref_3",340.433957545774,1
"5M_1_7_chr2_51032510_51032518_NM_001135659.2(NRXN1):c.-1459_-1452dupCTCTCTCT_NM_001135659.1_utr5_23_0_chr2_51031981_r_Mut_1",22.4943717361643,1
"5M_1_7_chr2_63588383_63588384_NM_015910.6(WDPCP):c.-113C|A_NM_015910.5_utr5_17_0_chr2_63588272_r_Mut_1",55.8660890328288,0
"5M_1_7_chr2_63588383_63588384_NM_015910.6(WDPCP):c.-113C|A_NM_015910.5_utr5_17_0_chr2_63588272_r_Ref_1",46.4298842575231,0
"5M_1_7_chr2_63588571_63588572_NM_015910.6(WDPCP):c.-301G|A_NM_015910.5_utr5_17_0_chr2_63588272_r_Ref_1",25.5271244922717,0
"5M_1_7_chr2_69387104_69387105_NM_002056.3(GFPT1):c.-34C|T_NM_001244710.1_utr5_19_0_chr2_69387072_r_Mut_1",24.2351417347256,0
"5M_1_7_chr2_69387104_69387105_NM_002056.3(GFPT1):c.-34C|T_NM_001244710.1_utr5_19_0_chr2_69387072_r_Ref_1",64.0070561913856,0
"5M_1_7_chr2_69387223_69387224_NM_002056.3(GFPT1):c.-153G|A_NM_001244710.1_utr5_19_0_chr2_69387072_r_Mut_1",95.6866960415369,0
"5M_1_7_chr2_69387223_69387224_NM_002056.3(GFPT1):c.-153G|A_NM_001244710.1_utr5_19_0_chr2_69387072_r_Ref_2",186.585220148182,0
"5M_1_7_chr2_69437350_69437351_NM_001002755.2(NFU1):c.62+10G|A_NM_015700.3_utr5_7_0_chr2_69437271_r_Mut_1",110.667012322584,0
"5M_1_7_chr2_69437350_69437351_NM_001002755.2(NFU1):c.62+10G|A_NM_015700.3_utr5_7_0_chr2_69437271_r_Ref_1",71.65025741874,0
"5M_1_7_chr2_69437487_69437488_NM_001002755.2(NFU1):c.-66C|T_NM_015700.3_utr5_7_0_chr2_69437271_r_Mut_1",23.7694416546166,0
"5M_1_7_chr2_69437487_69437488_NM_001002755.2(NFU1):c.-66C|T_NM_015700.3_utr5_7_0_chr2_69437271_r_Ref_1",206.531043302391,0
"5M_1_7_chr2_69437567_69437569_NM_001002755.2(NFU1):c.-147_-146delCG_NM_015700.3_utr5_7_0_chr2_69437271_r_Mut_1",43.8133269315582,0
"5M_1_7_chr2_69437567_69437569_NM_001002755.2(NFU1):c.-147_-146delCG_NM_015700.3_utr5_7_0_chr2_69437271_r_Ref_1",15.4239641235076,0
"5M_1_7_chr2_69437621_69437622_NM_001002755.2(NFU1):c.-200G|A_NM_015700.3_utr5_7_0_chr2_69437271_r_Mut_1",49.4096152551397,0
"5M_1_7_chr2_69437621_69437622_NM_001002755.2(NFU1):c.-200G|A_NM_015700.3_utr5_7_0_chr2_69437271_r_Ref_3",19.121731500395,0
"5M_1_7_chr2_74465352_74465353_NM_006302.2(MOGS):c.-106C|T_NM_006302.2_utr5_3_0_chr2_74465248_r_Mut_1",81.7418310277796,0
"5M_1_7_chr2_74529643_74529644_NM_013247.4(HTRA2):c.-363G|A_NM_181575.4_utr5_11_0_chr2_74529630_r_Ref_2",69.3647211897899,0
"5M_1_7_chr2_74529870_74529871_NM_013247.4(HTRA2):c.-136C|G_NM_181575.4_utr5_11_0_chr2_74529630_r_Mut_1",64.4391558255432,0
"5M_1_7_chr2_74529870_74529871_NM_013247.4(HTRA2):c.-136C|G_NM_181575.4_utr5_11_0_chr2_74529630_r_Ref_1",65.9003604465785,0
"5M_1_7_chr2_74529920_74529921_NM_013247.4(HTRA2):c.-86G|C_ENST00000377526.3_utr5_11_0_chr2_74529630_r_Mut_1",33.9943887470178,0
"5M_1_7_chr2_74529920_74529921_NM_013247.4(HTRA2):c.-86G|C_ENST00000377526.3_utr5_11_0_chr2_74529630_r_Ref_1",73.6011306792067,0
"5M_1_7_chr2_84459339_84459340_NM_003849.3(SUCLG1):c.-71G|T_NM_003849.3_utr5_8_0_chr2_84459270_r_Mut_1",30.9760564575067,0
"5M_1_7_chr2_84459339_84459340_NM_003849.3(SUCLG1):c.-71G|T_NM_003849.3_utr5_8_0_chr2_84459270_r_Ref_1",161.483930104387,0
"5M_1_7_chr2_84459418_84459419_NM_003849.3(SUCLG1):c.-150T|A_NM_003849.3_utr5_8_0_chr2_84459270_r_Mut_1",37.9272378317763,0
"5M_1_7_chr2_84459418_84459419_NM_003849.3(SUCLG1):c.-150T|A_NM_003849.3_utr5_8_0_chr2_84459270_r_Ref_2",35.1259840649426,0
"5M_1_7_chr2_85561450_85561451_NM_000821.6(GGCX):c.-23C|T_NM_000821.6_utr5_14_0_chr2_85561429_r_Mut_1",210.72184257744,0
"5M_1_7_chr2_85561450_85561451_NM_000821.6(GGCX):c.-23C|T_NM_000821.6_utr5_14_0_chr2_85561429_r_Ref_4",204.227991693034,0
"5M_1_7_chr2_85561497_85561498_NM_000821.6(GGCX):c.-70G|A_NM_000821.6_utr5_14_0_chr2_85561429_r_Mut_1",69.0793973004749,0
"5M_1_7_chr2_88627435_88627436_NM_004836.6(EIF2AK3):c.-162G|A_NM_004836.6_utr5_16_0_chr2_88627275_r_Mut_1",169.139051030924,1
"5M_1_7_chr2_88627435_88627436_NM_004836.6(EIF2AK3):c.-162G|A_NM_004836.6_utr5_16_0_chr2_88627275_r_Ref_1",45.2397375503093,1
"5M_1_7_chr2_88627468_88627469_NM_004836.6(EIF2AK3):c.-195G|T_NM_004836.6_utr5_16_0_chr2_88627275_r_Mut_1",84.5844865006572,1
"5M_1_7_chr2_88627468_88627469_NM_004836.6(EIF2AK3):c.-195G|T_NM_004836.6_utr5_16_0_chr2_88627275_r_Ref_1",24.180270290918,1
"5M_1_7_chr2_88627536_88627537_NM_004836.6(EIF2AK3):c.-263T|C_NM_004836.6_utr5_16_0_chr2_88627275_r_Mut_1",15.5476245307694,1
"5M_1_7_chr2_88627536_88627537_NM_004836.6(EIF2AK3):c.-263T|C_NM_004836.6_utr5_16_0_chr2_88627275_r_Ref_1",66.0483162316221,1
"5M_1_7_chr2_96305463_96305464_NM_014014.4(SNRNP200):c.-27G|A_NM_014014.4_utr5_44_0_chr2_96305438_r_Mut_1",103.440192506585,1
"5M_1_7_chr2_96305463_96305464_NM_014014.4(SNRNP200):c.-27G|A_NM_014014.4_utr5_44_0_chr2_96305438_r_Ref_1",127.661391415067,1
"5M_1_7_chr2_96305550_96305551_NM_014014.4(SNRNP200):c.-114T|C_NM_014014.4_utr5_44_0_chr2_96305438_r_Mut_1",71.9317680892913,1
"5M_1_7_chr2_96305550_96305551_NM_014014.4(SNRNP200):c.-114T|C_NM_014014.4_utr5_44_0_chr2_96305438_r_Ref_2",33.2725820250039,1
"5M_1_7_chr20_10413535_10413536_NM_018848.3(MKKS):c.-22A|C_NM_018848.3_utr5_3_0_chr20_10413515_r_Mut_1",32.3606088123014,1
"5M_1_7_chr20_10413535_10413536_NM_018848.3(MKKS):c.-22A|C_NM_018848.3_utr5_3_0_chr20_10413515_r_Ref_4",24.2017650869958,1
"5M_1_7_chr20_10413819_10413820_NM_018848.3(MKKS):c.-306A|G_NM_018848.3_utr5_3_0_chr20_10413515_r_Mut_1",36.7580399445312,1
"5M_1_7_chr20_10413819_10413820_NM_018848.3(MKKS):c.-306A|G_NM_018848.3_utr5_3_0_chr20_10413515_r_Ref_1",50.2188563413114,1
"5M_1_7_chr20_10431869_10431870_NM_018848.3(MKKS):c.-835A|T_NM_018848.3_utr5_5_0_chr20_10431684_r_Mut_1",37.4547135861632,0
"5M_1_7_chr20_10431869_10431870_NM_018848.3(MKKS):c.-835A|T_NM_018848.3_utr5_5_0_chr20_10431684_r_Ref_1",35.7434123933652,0
"5M_1_7_chr20_10673893_10673894_NM_000214.2(JAG1):c.-364T|G_NM_000214.2_utr5_25_0_chr20_10673531_r_Mut_1",22.0264725760298,1
"5M_1_7_chr20_10673893_10673894_NM_000214.2(JAG1):c.-364T|G_NM_000214.2_utr5_25_0_chr20_10673531_r_Ref_1",18.6698394106512,1
"5M_1_7_chr20_10673904_10673905_NM_000214.2(JAG1):c.-375dupT_NM_000214.2_utr5_25_0_chr20_10673531_r_Mut_1",189.580456920277,1
"5M_1_7_chr20_10673904_10673905_NM_000214.2(JAG1):c.-375dupT_NM_000214.2_utr5_25_0_chr20_10673531_r_Ref_1",49.7644416659805,1
"5M_1_7_chr20_10673913_10673914_NM_000214.2(JAG1):c.-384T|G_NM_000214.2_utr5_25_0_chr20_10673531_r_Mut_1",61.0833949651048,1
"5M_1_7_chr20_10673913_10673914_NM_000214.2(JAG1):c.-384T|G_NM_000214.2_utr5_25_0_chr20_10673531_r_Ref_1",16.5158921094293,1
"5M_1_7_chr20_10673915_10673916_NM_000214.2(JAG1):c.-386dupG_NM_000214.2_utr5_25_0_chr20_10673531_r_Ref_1",43.7083054331507,1
"5M_1_7_chr20_10674012_10674013_NM_000214.2(JAG1):c.-483C|T_NM_000214.2_utr5_25_0_chr20_10673531_r_Mut_1",69.0195137480255,0
"5M_1_7_chr20_10674036_10674037_NM_000214.2(JAG1):c.-507G|A_NM_000214.2_utr5_25_0_chr20_10673531_r_Mut_1",39.6876631572662,0
"5M_1_7_chr20_1992605_1992606_NM_024411.4(PDYN):c.-42A|T_NM_001190892.1_utr5_2_0_chr20_1992584_r_Mut_1",31.0518099494412,1
"5M_1_7_chr20_1992605_1992606_NM_024411.4(PDYN):c.-42A|T_NM_001190892.1_utr5_2_0_chr20_1992584_r_Ref_1",41.9012090144736,1
"5M_1_7_chr20_1994071_1994072_NM_024411.4(PDYN):c.-241G|C_NM_024411.4_utr5_3_0_chr20_1993911_r_Mut_1",104.247329615699,0
"5M_1_7_chr20_1994071_1994072_NM_024411.4(PDYN):c.-241G|C_NM_024411.4_utr5_3_0_chr20_1993911_r_Ref_1",35.7812914511717,0
"5M_1_7_chr20_1994188_1994189_NM_024411.4(PDYN):c.-358G|A_NM_024411.4_utr5_3_0_chr20_1993911_r_Mut_1",41.0449396035396,0
"5M_1_7_chr20_1994188_1994189_NM_024411.4(PDYN):c.-358G|A_NM_024411.4_utr5_3_0_chr20_1993911_r_Ref_1",223.917547082048,0
"5M_1_7_chr20_25082156_25082157_NM_014588.5(VSX1):c.-61C|G_NM_001256272.1_utr5_4_0_chr20_25082097_r_Ref_1",54.4190288891514,0
"5M_1_7_chr20_25082270_25082271_NM_014588.5(VSX1):c.-175C|G_NM_001256272.1_utr5_4_0_chr20_25082097_r_Mut_1",71.7515846594098,0
"5M_1_7_chr20_25082270_25082271_NM_014588.5(VSX1):c.-175C|G_NM_001256272.1_utr5_4_0_chr20_25082097_r_Ref_1",23.9181696081627,0
"5M_1_7_chr20_25390923_25390924_NM_001042472.2(ABHD12):c.-221G|A_NM_015600.4_utr5_12_0_chr20_25390704_r_Mut_1",53.4630721301612,0
"5M_1_7_chr20_33443880_33443881_NM_003098.2(SNTA1):c.-261C|A_NM_003098.2_utr5_7_0_chr20_33443621_r_Mut_1",52.8414679114269,0
"5M_1_7_chr20_33443880_33443881_NM_003098.2(SNTA1):c.-261C|A_NM_003098.2_utr5_7_0_chr20_33443621_r_Ref_3",86.770078770593,0
"5M_1_7_chr20_34303332_34303333_NM_000687.3(AHCY):c.-63A|G_NM_000687.3_utr5_9_0_chr20_34303271_r_Mut_1",14.1852744001178,1
"5M_1_7_chr20_34303332_34303333_NM_000687.3(AHCY):c.-63A|G_NM_000687.3_utr5_9_0_chr20_34303271_r_Ref_1",15.9551962919226,1
"5M_1_7_chr20_34303376_34303377_NM_000687.3(AHCY):c.-107G|A_NM_000687.3_utr5_9_0_chr20_34303271_r_Mut_1",13.0546431421294,1
"5M_1_7_chr20_34303376_34303377_NM_000687.3(AHCY):c.-107G|A_NM_000687.3_utr5_9_0_chr20_34303271_r_Ref_1",12.8609192461239,1
"5M_1_7_chr20_45891054_45891055_NM_000308.3(CTSA):c.-271G|A_NM_001278535.1_utr5_1_0_chr20_45890992_r_Mut_1",11.1401757451149,0
"5M_1_7_chr20_50904001_50904002_NM_015339.4(ADNP):c.-5-1G|A_ENST00000371602.8_utr5_2_0_chr20_50903997_r_Mut_1",31.1580246054061,1
"5M_1_7_chr20_50904001_50904002_NM_015339.4(ADNP):c.-5-1G|A_ENST00000371602.8_utr5_2_0_chr20_50903997_r_Ref_1",33.8535874651646,1
"5M_1_7_chr20_54173696_54173697_NM_000782.4(CYP24A1):c.-118T|C_NM_000782.4_utr5_11_0_chr20_54173580_r_Mut_1",110.325833783795,0
"5M_1_7_chr20_54173696_54173697_NM_000782.4(CYP24A1):c.-118T|C_NM_000782.4_utr5_11_0_chr20_54173580_r_Ref_1",22.5603484225195,0
"5M_1_7_chr20_54173713_54173714_NM_000782.4(CYP24A1):c.-135C|T_NM_000782.4_utr5_11_0_chr20_54173580_r_Mut_1",95.3957198178723,0
"5M_1_7_chr20_54173713_54173714_NM_000782.4(CYP24A1):c.-135C|T_NM_000782.4_utr5_11_0_chr20_54173580_r_Ref_1",112.002968991469,0
"5M_1_7_chr20_58840472_58840473_NM_000516.5(GNAS):c.-356-50898A|G_ENST00000443966.2_utr5_1_0_chr20_58838725_r_Mut_1",201.177721873729,0
"5M_1_7_chr20_6122890_6122891_NM_017671.4(FERMT1):c.-136C|T_NM_017671.4_utr5_14_0_chr20_6122774_r_Mut_1",30.0747912355493,1
"5M_1_7_chr20_6122890_6122891_NM_017671.4(FERMT1):c.-136C|T_NM_017671.4_utr5_14_0_chr20_6122774_r_Ref_1",90.9522316321213,1
"5M_1_7_chr20_6123108_6123109_NM_017671.4(FERMT1):c.-354G|C_NM_017671.4_utr5_14_0_chr20_6122774_r_Ref_1",158.502748838907,0
"5M_1_7_chr20_6123360_6123361_NM_017671.4(FERMT1):c.-606G|C_NM_017671.4_utr5_14_0_chr20_6122774_r_Mut_1",46.6491460973349,0
"5M_1_7_chr20_6123360_6123361_NM_017671.4(FERMT1):c.-606G|C_NM_017671.4_utr5_14_0_chr20_6122774_r_Ref_1",30.2350551893729,0
"5M_1_7_chr20_6123409_6123410_NM_017671.4(FERMT1):c.-655C|T_NM_017671.4_utr5_14_0_chr20_6122774_r_Mut_1",119.322971200979,0
"5M_1_7_chr20_6123409_6123410_NM_017671.4(FERMT1):c.-655C|T_NM_017671.4_utr5_14_0_chr20_6122774_r_Ref_1",131.519655831638,0
"5M_1_7_chr20_6123446_6123447_NM_017671.4(FERMT1):c.-692A|G_NM_017671.4_utr5_14_0_chr20_6122774_r_Mut_1",44.3942804761198,0
"5M_1_7_chr20_6123446_6123447_NM_017671.4(FERMT1):c.-692A|G_NM_017671.4_utr5_14_0_chr20_6122774_r_Ref_1",36.477466226451,0
"5M_1_7_chr21_26170751_26170752_NM_000484.3(APP):c.-132G|T_NM_000484.3_utr5_17_0_chr21_26170621_r_Mut_1",198.352542331312,0
"5M_1_7_chr21_26170818_26170819_NM_000484.3(APP):c.-199G|A_NM_000484.3_utr5_17_0_chr21_26170621_r_Mut_1",40.9778552245608,0
"5M_1_7_chr21_26170818_26170819_NM_000484.3(APP):c.-199G|A_NM_000484.3_utr5_17_0_chr21_26170621_r_Ref_4",228.402258436392,0
"5M_1_7_chr21_34511236_34511237_NM_000219.5(KCNE1):c.-298C|T_NM_001270402.2_utr5_2_0_chr21_34511101_r_Mut_1",14.0305786816409,0
"5M_1_7_chr21_34511236_34511237_NM_000219.5(KCNE1):c.-298C|T_NM_001270402.2_utr5_2_0_chr21_34511101_r_Ref_1",38.8032487036002,0
"5M_1_7_chr21_34512171_34512172_NM_000219.5(KCNE1):c.-522C|T_NM_000219.5_utr5_3_0_chr21_34512027_r_Mut_1",17.0818838425651,0
"5M_1_7_chr21_34512171_34512172_NM_000219.5(KCNE1):c.-522C|T_NM_000219.5_utr5_3_0_chr21_34512027_r_Ref_1",28.4954022253679,0
"5M_1_7_chr21_34512179_34512180_NM_000219.5(KCNE1):c.-530G|A_NM_000219.5_utr5_3_0_chr21_34512027_r_Mut_1",21.9437955543958,0
"5M_1_7_chr21_34512179_34512180_NM_000219.5(KCNE1):c.-530G|A_NM_000219.5_utr5_3_0_chr21_34512027_r_Ref_1",14.0822157615625,0
"5M_1_7_chr21_34512210_34512211_NM_000219.5(KCNE1):c.-561C|T_NM_000219.5_utr5_3_0_chr21_34512027_r_Mut_1",23.9123398718377,0
"5M_1_7_chr21_34512210_34512211_NM_000219.5(KCNE1):c.-561C|T_NM_000219.5_utr5_3_0_chr21_34512027_r_Ref_1",59.1546015439707,0
"5M_1_7_chr21_35049174_35049175_NM_001754.4(RUNX1):c.-67G|A_NM_001754.4_utr5_8_0_chr21_35049168_r_Mut_1",72.3200920343841,0
"5M_1_7_chr21_35049174_35049175_NM_001754.4(RUNX1):c.-67G|A_NM_001754.4_utr5_8_0_chr21_35049168_r_Ref_1",81.1907011302817,0
"5M_1_7_chr21_36479709_36479710_NM_144492.2(CLDN14):c.-487G|A_NM_144492.2_utr5_2_0_chr21_36479495_r_Mut_1",22.4268692440477,1
"5M_1_7_chr21_36479709_36479710_NM_144492.2(CLDN14):c.-487G|A_NM_144492.2_utr5_2_0_chr21_36479495_r_Ref_1",36.8997762915768,1
"5M_1_7_chr21_36479802_36479803_NM_144492.2(CLDN14):c.-580G|A_NM_144492.2_utr5_2_0_chr21_36479495_r_Mut_1",22.7153286388172,1
"5M_1_7_chr21_36479802_36479803_NM_144492.2(CLDN14):c.-580G|A_NM_144492.2_utr5_2_0_chr21_36479495_r_Ref_1",205.765140593531,1
"5M_1_7_chr21_36480046_36480047_NM_144492.2(CLDN14):c.-824G|A_NM_144492.2_utr5_2_0_chr21_36479495_r_Mut_1",27.4153948581494,1
"5M_1_7_chr21_36480046_36480047_NM_144492.2(CLDN14):c.-824G|A_NM_144492.2_utr5_2_0_chr21_36479495_r_Ref_2",29.2815841024787,1
"5M_1_7_chr21_36962159_36962160_NM_000411.6(HLCS):c.-382A|G_NM_001242784.1_utr5_10_0_chr21_36962036_r_Mut_1",47.4486611351868,1
"5M_1_7_chr21_42396020_42396021_NM_024022.2(TMPRSS3):c.-131G|C_NM_024022.2_utr5_12_0_chr21_42395942_r_Mut_1",61.4463539143328,0
"5M_1_7_chr21_42396020_42396021_NM_024022.2(TMPRSS3):c.-131G|C_NM_024022.2_utr5_12_0_chr21_42395942_r_Ref_1",15.2905229050225,0
"5M_1_7_chr21_42396087_42396088_NM_024022.2(TMPRSS3):c.-198G|A_NM_024022.2_utr5_12_0_chr21_42395942_r_Mut_1",28.7666162825842,0
"5M_1_7_chr21_42396087_42396088_NM_024022.2(TMPRSS3):c.-198G|A_NM_024022.2_utr5_12_0_chr21_42395942_r_Ref_3",42.6549391424709,0
"5M_1_7_chr21_44920826_44920827_NM_000211.4(ITGB2):c.-10A|C_NM_000211.4_utr5_15_0_chr21_44920821_r_Mut_1",20.0348949099436,0
"5M_1_7_chr21_44920855_44920856_NM_000211.4(ITGB2):c.-39G|A_NM_000211.4_utr5_15_0_chr21_44920821_r_Mut_1",29.7013129006673,0
"5M_1_7_chr21_44920855_44920856_NM_000211.4(ITGB2):c.-39G|A_NM_000211.4_utr5_15_0_chr21_44920821_r_Ref_3",92.8538124697562,0
"5M_1_7_chr22_18077961_18077962_NM_017929.5(PEX26):c.-167C|T_ENST00000607927.1_utr5_0_0_chr22_18077186_r_Mut_1",102.361311316197,0
"5M_1_7_chr22_18077961_18077962_NM_017929.5(PEX26):c.-167C|T_ENST00000607927.1_utr5_0_0_chr22_18077186_r_Ref_1",38.098758586968,0
"5M_1_7_chr22_18078613_18078614_NM_017929.5(PEX26):c.230+8C|T_ENST00000607927.1_utr5_0_0_chr22_18077186_r_Mut_1",96.1012734444144,0
"5M_1_7_chr22_20891006_20891007_NM_004782.3(SNAP29):c.*3171G|A_ENST00000608856.1_utr5_1_0_chr22_20890900_r_Mut_1",23.0966468414711,1
"5M_1_7_chr22_20891006_20891007_NM_004782.3(SNAP29):c.*3171G|A_ENST00000608856.1_utr5_1_0_chr22_20890900_r_Ref_1",35.7364276737288,1
"5M_1_7_chr22_20891028_20891029_NM_004782.3(SNAP29):c.*3193G|A_ENST00000608856.1_utr5_1_0_chr22_20890900_r_Mut_1",35.4390882431744,1
"5M_1_7_chr22_20891028_20891029_NM_004782.3(SNAP29):c.*3193G|A_ENST00000608856.1_utr5_1_0_chr22_20890900_r_Ref_1",54.7537941936171,1
"5M_1_7_chr22_26481803_26481804_NM_022081.5(HPS4):c.-42A|G_NM_022081.5_utr5_12_0_chr22_26481763_r_Mut_1",38.6973627611972,0
"5M_1_7_chr22_26481803_26481804_NM_022081.5(HPS4):c.-42A|G_NM_022081.5_utr5_12_0_chr22_26481763_r_Ref_1",208.833963414499,0
"5M_1_7_chr22_26483779_26483780_NM_022081.5(HPS4):c.-585T|G_NM_022081.5_utr5_13_0_chr22_26483674_r_Mut_1",20.7387315681206,0
"5M_1_7_chr22_26483779_26483780_NM_022081.5(HPS4):c.-585T|G_NM_022081.5_utr5_13_0_chr22_26483674_r_Ref_1",38.6681012384294,0
"5M_1_7_chr22_28734723_28734724_NM_007194.3(CHEK2):c.-3G|A_NM_001257387.1_utr5_14_0_chr22_28734403_r_Mut_1",33.5029799408212,0
"5M_1_7_chr22_33920153_33920154_NM_004737.5(LARGE1):c.-305C|T_NM_004737.4_utr5_15_0_chr22_33919995_r_Mut_1",47.7011192491785,0
"5M_1_7_chr22_33920153_33920154_NM_004737.5(LARGE1):c.-305C|T_NM_004737.4_utr5_15_0_chr22_33919995_r_Ref_1",46.3733132856435,0
"5M_1_7_chr22_33920310_33920311_NM_004737.5(LARGE1):c.-462A|T_NM_004737.4_utr5_15_0_chr22_33919995_r_Mut_1",267.597057932308,0
"5M_1_7_chr22_33920310_33920311_NM_004737.5(LARGE1):c.-462A|T_NM_004737.4_utr5_15_0_chr22_33919995_r_Ref_1",87.290212355841,0
"5M_1_7_chr22_33920366_33920367_NM_004737.5(LARGE1):c.-518G|A_NM_004737.4_utr5_15_0_chr22_33919995_r_Mut_1",20.9613728315594,0
"5M_1_7_chr22_33920366_33920367_NM_004737.5(LARGE1):c.-518G|A_NM_004737.4_utr5_15_0_chr22_33919995_r_Ref_1",112.114137054352,0
"5M_1_7_chr22_33920391_33920392_NM_004737.5(LARGE1):c.-543C|T_NM_004737.4_utr5_15_0_chr22_33919995_r_Mut_1",54.7992816673507,0
"5M_1_7_chr22_42070602_42070603_NM_000262.2(NAGA):c.-306C|A_NM_000262.2_utr5_8_0_chr22_42070298_r_Mut_1",61.6027760995161,1
"5M_1_7_chr22_42070602_42070603_NM_000262.2(NAGA):c.-306C|A_NM_000262.2_utr5_8_0_chr22_42070298_r_Ref_1",133.772435156739,1
"5M_1_7_chr22_42070792_42070793_NM_000262.2(NAGA):c.-496G|C_NM_000262.2_utr5_8_0_chr22_42070298_r_Mut_1",71.2332992949359,0
"5M_1_7_chr22_42070798_42070799_NM_000262.2(NAGA):c.-502A|C_NM_000262.2_utr5_8_0_chr22_42070298_r_Mut_1",45.2374433904105,0
"5M_1_7_chr22_42070798_42070799_NM_000262.2(NAGA):c.-502A|C_NM_000262.2_utr5_8_0_chr22_42070298_r_Ref_2",64.3568504237591,0
"5M_1_7_chr22_50085404_50085405_NM_015166.3(MLC1):c.-110G|A_NM_015166.3_utr5_11_0_chr22_50085355_r_Mut_1",59.208961957838,1
"5M_1_7_chr22_50085404_50085405_NM_015166.3(MLC1):c.-110G|A_NM_015166.3_utr5_11_0_chr22_50085355_r_Ref_2",21.9569265884132,1
"5M_1_7_chr22_50085761_50085762_NM_015166.3(MLC1):c.-467G|A_NM_015166.3_utr5_11_0_chr22_50085355_r_Mut_1",23.1508823050785,0
"5M_1_7_chr22_50085761_50085762_NM_015166.3(MLC1):c.-467G|A_NM_015166.3_utr5_11_0_chr22_50085355_r_Ref_1",18.2540360101262,0
"5M_1_7_chr22_50525540_50525541_NM_005138.2(SCO2):c.-83A|G_NM_001169111.1_utr5_1_0_chr22_50525442_r_Mut_1",188.345456753623,0
"5M_1_7_chr22_50526257_50526258_NM_001169109.1(SCO2):c.-26G|A_NM_001169109.1_utr5_1_0_chr22_50526246_r_Mut_1",29.0094059931425,0
"5M_1_7_chr22_50526257_50526258_NM_001169109.1(SCO2):c.-26G|A_NM_001169109.1_utr5_1_0_chr22_50526246_r_Ref_4",18.4853119742269,0
"5M_1_7_chr22_50526360_50526361_NM_001169109.1(SCO2):c.-129G|A_NM_001169109.1_utr5_1_0_chr22_50526246_r_Mut_1",89.1641667408424,0
"5M_1_7_chr22_50526360_50526361_NM_001169109.1(SCO2):c.-129G|A_NM_001169109.1_utr5_1_0_chr22_50526246_r_Ref_1",234.719710019618,0
"5M_1_7_chr22_50529984_50529985_NM_001953.4(TYMP):c.-92C|T_NM_001113756.2_utr5_8_0_chr22_50529710_r_Mut_1",24.668910461579,0
"5M_1_7_chr22_50627866_50627867_NM_000487.5(ARSA):c.-88G|A_NM_000487.5_utr5_7_0_chr22_50627780_r_Mut_1",20.2569354425334,0
"5M_1_7_chr22_50627866_50627867_NM_000487.5(ARSA):c.-88G|A_NM_000487.5_utr5_7_0_chr22_50627780_r_Ref_1",32.3057143947684,0
"5M_1_7_chr22_50628108_50628109_NM_000487.5(ARSA):c.-330C|T_NM_000487.5_utr5_7_0_chr22_50627780_r_Mut_1",60.9741501999402,0
"5M_1_7_chr22_50628108_50628109_NM_000487.5(ARSA):c.-330C|T_NM_000487.5_utr5_7_0_chr22_50627780_r_Ref_1",34.3034594414375,0
"5M_1_7_chr3_114178773_114178774_NM_000796.5(DRD3):c.-153T|G_NM_000796.5_utr5_6_0_chr3_114178657_r_Mut_1",40.9768102149565,1
"5M_1_7_chr3_114178773_114178774_NM_000796.5(DRD3):c.-153T|G_NM_000796.5_utr5_6_0_chr3_114178657_r_Ref_1",39.1857275872021,1
"5M_1_7_chr3_120682273_120682274_NM_000187.3(HGD):c.-163C|G_NM_000187.3_utr5_13_0_chr3_120682112_r_Mut_1",22.0476492268657,1
"5M_1_7_chr3_120682273_120682274_NM_000187.3(HGD):c.-163C|G_NM_000187.3_utr5_13_0_chr3_120682112_r_Ref_1",36.0955657443123,1
"5M_1_7_chr3_120682365_120682366_NM_000187.3(HGD):c.-255G|T_NM_000187.3_utr5_13_0_chr3_120682112_r_Mut_1",18.4695842551765,1
"5M_1_7_chr3_120682365_120682366_NM_000187.3(HGD):c.-255G|T_NM_000187.3_utr5_13_0_chr3_120682112_r_Ref_1",22.6174128563137,1
"5M_1_7_chr3_120682556_120682557_NM_000187.3(HGD):c.-446G|T_NM_000187.3_utr5_13_0_chr3_120682112_r_Mut_1",45.0308805101908,0
"5M_1_7_chr3_120682556_120682557_NM_000187.3(HGD):c.-446G|T_NM_000187.3_utr5_13_0_chr3_120682112_r_Ref_3",19.3265882779914,0
"5M_1_7_chr3_120682562_120682563_NM_000187.3(HGD):c.-452G|T_NM_000187.3_utr5_13_0_chr3_120682112_r_Mut_1",37.1610840580194,0
"5M_1_7_chr3_121835053_121835054_NM_001023570.3(IQCB1):c.-190C|T_NM_001023570.3_utr5_14_0_chr3_121834966_r_Mut_1",29.400939297375,0
"5M_1_7_chr3_121835078_121835079_NM_001023570.3(IQCB1):c.-215C|T_NM_001023570.3_utr5_14_0_chr3_121834966_r_Mut_1",54.5955326851613,0
"5M_1_7_chr3_121835078_121835079_NM_001023570.3(IQCB1):c.-215C|T_NM_001023570.3_utr5_14_0_chr3_121834966_r_Ref_6",48.2868334135191,0
"5M_1_7_chr3_123831547_123831548_NM_053025.3(MYLK):c.-4G|A_NM_053025.3_utr5_31_0_chr3_123831548_r_Mut_1",18.279485863232,0
"5M_1_7_chr3_123831547_123831548_NM_053025.3(MYLK):c.-4G|A_NM_053025.3_utr5_31_0_chr3_123831548_r_Ref_2",43.1590401047563,0
"5M_1_7_chr3_12663825_12663826_NM_002880.3(RAF1):c.-40C|T_NM_002880.3_utr5_16_0_chr3_12663813_r_Mut_1",86.6946136719707,0
"5M_1_7_chr3_12663825_12663826_NM_002880.3(RAF1):c.-40C|T_NM_002880.3_utr5_16_0_chr3_12663813_r_Ref_2",16.9155468381565,0
"5M_1_7_chr3_12663895_12663896_NM_002880.3(RAF1):c.-110G|A_NM_002880.3_utr5_16_0_chr3_12663813_r_Ref_1",71.3495162517383,0
"5M_1_7_chr3_12663924_12663925_NM_002880.3(RAF1):c.-139T|G_NM_002880.3_utr5_16_0_chr3_12663813_r_Ref_1",347.946033715936,1
"5M_1_7_chr3_12663931_12663932_NM_002880.3(RAF1):c.-146C|G_NM_002880.3_utr5_16_0_chr3_12663813_r_Mut_1",13.3949206901127,1
"5M_1_7_chr3_12663966_12663967_NM_002880.3(RAF1):c.-181T|C_NM_002880.3_utr5_16_0_chr3_12663813_r_Ref_1",20.6663382447039,1
"5M_1_7_chr3_12663994_12663995_NM_002880.3(RAF1):c.-209G|A_NM_002880.3_utr5_16_0_chr3_12663813_r_Mut_1",46.2096184157752,1
"5M_1_7_chr3_12663994_12663995_NM_002880.3(RAF1):c.-209G|A_NM_002880.3_utr5_16_0_chr3_12663813_r_Ref_1",36.0281356286044,1
"5M_1_7_chr3_129440120_129440121_NM_052985.3(IFT122):c.-210C|A_NM_003925.2_utr5_7_0_chr3_129439834_r_Ref_1",13.2418384140342,0
"5M_1_7_chr3_14178622_14178623_NM_004628.4(XPC):c.-55G|T_NM_004628.4_utr5_15_0_chr3_14178569_r_Mut_1",26.6474076430458,0
"5M_1_7_chr3_14178622_14178623_NM_004628.4(XPC):c.-55G|T_NM_004628.4_utr5_15_0_chr3_14178569_r_Ref_4",55.462155951869,0
"5M_1_7_chr3_14178625_14178626_NM_004628.4(XPC):c.-58C|T_NM_004628.4_utr5_15_0_chr3_14178569_r_Mut_1",23.6550728154525,1
"5M_1_7_chr3_142578794_142578795_NM_001184.3(ATR):c.-91C|G_NM_001184.3_utr5_46_0_chr3_142578705_r_Mut_1",69.23550923868,0
"5M_1_7_chr3_142578794_142578795_NM_001184.3(ATR):c.-91C|G_NM_001184.3_utr5_46_0_chr3_142578705_r_Ref_1",289.166143417424,0
"5M_1_7_chr3_146161443_146161444_NM_000935.2(PLOD2):c.-455C|T_NM_182943.2_utr5_19_0_chr3_146160990_r_Mut_1",50.1871024049606,0
"5M_1_7_chr3_146161443_146161444_NM_000935.2(PLOD2):c.-455C|T_NM_182943.2_utr5_19_0_chr3_146160990_r_Ref_2",20.9036059576137,0
"5M_1_7_chr3_15451567_15451568_NM_005677.3(COLQ):c.*76C|A_ENST00000608408.2_utr5_1_0_chr3_15451445_r_Mut_1",27.085995813085,0
"5M_1_7_chr3_15451567_15451568_NM_005677.3(COLQ):c.*76C|A_ENST00000608408.2_utr5_1_0_chr3_15451445_r_Ref_1",24.7273353715077,0
"5M_1_7_chr3_15451639_15451640_NM_005677.3(COLQ):c.*4C|T_ENST00000608408.2_utr5_1_0_chr3_15451445_r_Mut_1",17.0669461522996,0
"5M_1_7_chr3_15451639_15451640_NM_005677.3(COLQ):c.*4C|T_ENST00000608408.2_utr5_1_0_chr3_15451445_r_Ref_1",27.0700484326132,0
"5M_1_7_chr3_15521720_15521721_NM_005677.3(COLQ):c.-96C|T_NM_005677.3_utr5_16_0_chr3_15521626_r_Mut_1",15.1355198842949,0
"5M_1_7_chr3_15521729_15521731_NM_005677.3(COLQ):c.-106_-105dupCA_NM_005677.3_utr5_16_0_chr3_15521626_r_Mut_1",71.1398694092612,0
"5M_1_7_chr3_15521729_15521731_NM_005677.3(COLQ):c.-106_-105dupCA_NM_005677.3_utr5_16_0_chr3_15521626_r_Ref_3",20.6689248409664,0
"5M_1_7_chr3_15521742_15521746_NM_005677.3(COLQ):c.-121_-118delGCAC_NM_005677.3_utr5_16_0_chr3_15521626_r_Mut_1",28.3340321951519,0
"5M_1_7_chr3_15521742_15521746_NM_005677.3(COLQ):c.-121_-118delGCAC_NM_005677.3_utr5_16_0_chr3_15521626_r_Ref_1",28.0046390183238,0
"5M_1_7_chr3_15521744_15521744_NM_005677.3(COLQ):c.-120_-119insGCAC_NM_005677.3_utr5_16_0_chr3_15521626_r_Mut_1",17.4683718918244,0
"5M_1_7_chr3_15521744_15521744_NM_005677.3(COLQ):c.-120_-119insGCAC_NM_005677.3_utr5_16_0_chr3_15521626_r_Ref_1",23.5683954724811,0
"5M_1_7_chr3_15521745_15521746_NM_005677.3(COLQ):c.-121delGinsACACACGCA_NM_005677.3_utr5_16_0_chr3_15521626_r_Mut_1",53.5419362114687,0
"5M_1_7_chr3_15521745_15521746_NM_005677.3(COLQ):c.-121delGinsACACACGCA_NM_005677.3_utr5_16_0_chr3_15521626_r_Ref_4",127.065056697119,0
"5M_1_7_chr3_15521745_15521746_NM_005677.3(COLQ):c.-121G|A_NM_005677.3_utr5_16_0_chr3_15521626_r_Mut_1",39.7914631531796,0
"5M_1_7_chr3_15521746_15521747_NM_005677.3(COLQ):c.-122C|T_NM_005677.3_utr5_16_0_chr3_15521626_r_Mut_1",72.1910973989205,0
"5M_1_7_chr3_155854277_155854278_NM_004733.3(SLC33A1):c.-281C|T_NM_004733.3_utr5_5_0_chr3_155853998_r_Mut_1",21.3837804250878,0
"5M_1_7_chr3_155854277_155854278_NM_004733.3(SLC33A1):c.-281C|T_NM_004733.3_utr5_5_0_chr3_155853998_r_Ref_1",106.981226386765,0
"5M_1_7_chr3_160384630_160384631_NM_020800.2(IFT80):c.-31G|A_NM_001190241.1_utr5_19_0_chr3_160384406_r_Mut_1",25.2378184339431,1
"5M_1_7_chr3_160384630_160384631_NM_020800.2(IFT80):c.-31G|A_NM_001190241.1_utr5_19_0_chr3_160384406_r_Ref_1",16.6858632606889,1
"5M_1_7_chr3_160399196_160399197_NM_020800.2(IFT80):c.-98G|C_NM_001190241.1_utr5_20_0_chr3_160399146_r_Mut_1",14.158066108083,0
"5M_1_7_chr3_160399196_160399197_NM_020800.2(IFT80):c.-98G|C_NM_001190241.1_utr5_20_0_chr3_160399146_r_Ref_1",27.5331085803907,0
"5M_1_7_chr3_160399490_160399491_NM_020800.2(IFT80):c.-392T|G_NM_001190241.1_utr5_20_0_chr3_160399146_r_Mut_1",19.5037648020939,1
"5M_1_7_chr3_160399490_160399491_NM_020800.2(IFT80):c.-392T|G_NM_001190241.1_utr5_20_0_chr3_160399146_r_Ref_3",21.4189528297435,1
"5M_1_7_chr3_160399508_160399509_NM_020800.2(IFT80):c.-410G|T_NM_001190241.1_utr5_20_0_chr3_160399146_r_Mut_1",23.2283703204432,1
"5M_1_7_chr3_169764609_169764610_NR_001566.1(TERC):n.451C|T_ENST00000602385.1_utr5_0_0_chr3_169764520_r_Ref_1",43.9238289539791,0
"5M_1_7_chr3_169764698_169764699_NR_001566.1(TERC):n.362G|T_ENST00000602385.1_utr5_0_0_chr3_169764520_r_Mut_1",113.984506425542,0
"5M_1_7_chr3_169764858_169764859_NR_001566.1(TERC):n.202T|C_ENST00000602385.1_utr5_0_0_chr3_169764520_r_Ref_1",162.134932282918,0
"5M_1_7_chr3_169765053_169765054_NR_001566.1(TERC):n.7C|A_ENST00000602385.1_utr5_0_0_chr3_169764520_r_Mut_1",56.1490802987447,1
"5M_1_7_chr3_171026907_171026908_NM_000340.1(SLC2A2):c.-238A|G_NM_001278659.1_utr5_9_0_chr3_171026656_r_Mut_1",30.9654686253376,1
"5M_1_7_chr3_171026907_171026908_NM_000340.1(SLC2A2):c.-238A|G_NM_001278659.1_utr5_9_0_chr3_171026656_r_Ref_1",29.0045507911318,1
"5M_1_7_chr3_173141204_173141205_NM_031955.5(SPATA16):c.-121G|A_NM_031955.5_utr5_10_0_chr3_173141103_r_Mut_1",54.4625366866339,0
"5M_1_7_chr3_173141204_173141205_NM_031955.5(SPATA16):c.-121G|A_NM_031955.5_utr5_10_0_chr3_173141103_r_Ref_1",54.2833441010822,0
"5M_1_7_chr3_180679489_180679490_NM_181426.1(CCDC39):c.-110C|T_NM_181426.1_utr5_19_0_chr3_180679381_r_Mut_1",74.1694451191142,1
"5M_1_7_chr3_180679489_180679490_NM_181426.1(CCDC39):c.-110C|T_NM_181426.1_utr5_19_0_chr3_180679381_r_Ref_3",106.618624439514,1
"5M_1_7_chr3_180989722_180989723_NM_145261.3(DNAJC19):c.-121C|T_NM_145261.3_utr5_5_0_chr3_180989603_r_Mut_1",158.791080570383,1
"5M_1_7_chr3_180989722_180989723_NM_145261.3(DNAJC19):c.-121C|T_NM_145261.3_utr5_5_0_chr3_180989603_r_Ref_1",272.861115129975,1
"5M_1_7_chr3_183099462_183099463_NM_020166.4(MCCC1):c.-23C|T_NM_001293273.1_utr5_16_0_chr3_183099352_r_Mut_1",171.224782565268,1
"5M_1_7_chr3_183099462_183099463_NM_020166.4(MCCC1):c.-23C|T_NM_001293273.1_utr5_16_0_chr3_183099352_r_Ref_1",94.330137926779,1
"5M_1_7_chr3_183099571_183099572_NM_020166.4(MCCC1):c.-132C|T_NM_001293273.1_utr5_16_0_chr3_183099352_r_Mut_1",44.3100883724964,1
"5M_1_7_chr3_183099571_183099572_NM_020166.4(MCCC1):c.-132C|T_NM_001293273.1_utr5_16_0_chr3_183099352_r_Ref_3",41.5854617832561,1
"5M_1_7_chr3_24494772_24494774_NM_000461.4(THRB):c.-237_-236delGA_NM_001252634.1_utr5_11_0_chr3_24494652_r_Mut_1",258.106104883368,0
"5M_1_7_chr3_24494772_24494774_NM_000461.4(THRB):c.-237_-236delGA_NM_001252634.1_utr5_11_0_chr3_24494652_r_Ref_1",22.7586047980874,0
"5M_1_7_chr3_24494783_24494784_NM_000461.4(THRB):c.-247T|C_NM_001252634.1_utr5_11_0_chr3_24494652_r_Ref_1",23.4283181080032,0
"5M_1_7_chr3_33097157_33097158_NM_000404.3(GLB1):c.-73C|T_NM_001317040.1_utr5_16_0_chr3_33097086_r_Mut_1",78.4360283034496,0
"5M_1_7_chr3_33097157_33097158_NM_000404.3(GLB1):c.-73C|T_NM_001317040.1_utr5_16_0_chr3_33097086_r_Ref_1",64.375086308903,0
"5M_1_7_chr3_33147663_33147664_NM_006371.4(CRTAP):c.*5216G|A_ENST00000607832.1_utr5_1_0_chr3_33147556_r_Mut_1",36.9170973092058,1
"5M_1_7_chr3_33147663_33147664_NM_006371.4(CRTAP):c.*5216G|A_ENST00000607832.1_utr5_1_0_chr3_33147556_r_Ref_1",37.1788505076515,1
"5M_1_7_chr3_36993213_36993214_NM_000249.3(MLH1):c.-334C|T_NM_014805.3_utr5_0_0_chr3_36993078_r_Mut_1",74.339222931555,1
"5M_1_7_chr3_36993213_36993214_NM_000249.3(MLH1):c.-334C|T_NM_014805.3_utr5_0_0_chr3_36993078_r_Ref_1",79.1111320094378,1
"5M_1_7_chr3_36993259_36993260_NM_000249.3(MLH1):c.-288A|G_NM_014805.3_utr5_0_0_chr3_36993078_r_Mut_1",22.9974011995133,0
"5M_1_7_chr3_36993259_36993260_NM_000249.3(MLH1):c.-288A|G_NM_014805.3_utr5_0_0_chr3_36993078_r_Ref_8",27.1689006758719,1
"5M_1_7_chr3_36993299_36993300_NM_000249.3(MLH1):c.-248C|G_NM_014805.3_utr5_0_0_chr3_36993078_r_Mut_1",20.1252006546791,1
"5M_1_7_chr3_4814411_4814412_NM_002222.5(ITPR1):c.7373-11C|T_ENST00000441894.4_utr5_0_0_chr3_4814297_r_Mut_1",30.3679535307376,1
"5M_1_7_chr3_4814411_4814412_NM_002222.5(ITPR1):c.7373-11C|T_ENST00000441894.4_utr5_0_0_chr3_4814297_r_Ref_1",46.495279281442,1
"5M_1_7_chr3_48898802_48898803_NM_000387.5(SLC25A20):c.-9G|C_NM_000387.5_utr5_8_0_chr3_48898795_r_Mut_1",92.8440035710547,0
"5M_1_7_chr3_48898859_48898860_NM_000387.5(SLC25A20):c.-66T|C_NM_000387.5_utr5_8_0_chr3_48898795_r_Mut_1",42.6931500199709,0
"5M_1_7_chr3_48898859_48898860_NM_000387.5(SLC25A20):c.-66T|C_NM_000387.5_utr5_8_0_chr3_48898795_r_Ref_1",26.8007947524185,0
"5M_1_7_chr3_48898873_48898874_NM_000387.5(SLC25A20):c.-80G|C_NM_000387.5_utr5_8_0_chr3_48898795_r_Ref_1",17.5498329161499,0
"5M_1_7_chr3_48898909_48898910_NM_000387.5(SLC25A20):c.-116C|A_NM_000387.5_utr5_8_0_chr3_48898795_r_Ref_1",78.1219476488194,0
"5M_1_7_chr3_49132978_49132979_NM_002292.3(LAMB2):c.-112A|T_NM_002292.3_utr5_31_0_chr3_49132868_r_Mut_1",66.8838440871861,0
"5M_1_7_chr3_49132978_49132979_NM_002292.3(LAMB2):c.-112A|T_NM_002292.3_utr5_31_0_chr3_49132868_r_Ref_1",26.5450631661132,0
"5M_1_7_chr3_49133012_49133013_NM_002292.3(LAMB2):c.-146G|T_NM_002292.3_utr5_31_0_chr3_49132868_r_Ref_1",47.1312844473954,0
"5M_1_7_chr3_49133107_49133108_NM_002292.3(LAMB2):c.-241T|C_NM_002292.3_utr5_31_0_chr3_49132868_r_Mut_1",42.8889211498497,0
"5M_1_7_chr3_49133107_49133108_NM_002292.3(LAMB2):c.-241T|C_NM_002292.3_utr5_31_0_chr3_49132868_r_Ref_1",68.4511031698107,0
"5M_1_7_chr3_49422566_49422567_NM_000481.3(AMT):c.-117dupC_NM_000481.3_utr5_8_0_chr3_49422451_r_Mut_1",66.2732151587014,0
"5M_1_7_chr3_49422566_49422567_NM_000481.3(AMT):c.-117dupC_NM_000481.3_utr5_8_0_chr3_49422451_r_Ref_1",37.0703091002527,0
"5M_1_7_chr3_49422655_49422656_NM_000481.3(AMT):c.-206G|A_NM_000481.3_utr5_8_0_chr3_49422451_r_Mut_1",222.057658522246,0
"5M_1_7_chr3_49422655_49422656_NM_000481.3(AMT):c.-206G|A_NM_000481.3_utr5_8_0_chr3_49422451_r_Ref_1",391.201449730209,0
"5M_1_7_chr3_50309707_50309708_NM_153281.1(HYAL1):c.-240A|G_NM_153281.1_utr5_4_0_chr3_50309659_r_Mut_1",39.2894758662975,1
"5M_1_7_chr3_50309707_50309708_NM_153281.1(HYAL1):c.-240A|G_NM_153281.1_utr5_4_0_chr3_50309659_r_Ref_2",204.361204024248,1
"5M_1_7_chr3_50309739_50309740_NM_153281.1(HYAL1):c.-272C|T_NM_153281.1_utr5_4_0_chr3_50309659_r_Ref_1",17.4440884734761,1
"5M_1_7_chr3_50312272_50312274_NM_153281.1(HYAL1):c.-320_-319delCT_NM_153281.1_utr5_5_0_chr3_50312264_r_Mut_1",39.9959401991263,0
"5M_1_7_chr3_50312272_50312274_NM_153281.1(HYAL1):c.-320_-319delCT_NM_153281.1_utr5_5_0_chr3_50312264_r_Ref_1",24.8283601133537,0
"5M_1_7_chr3_55487134_55487135_NM_003392.4(WNT5A):c.-150C|G_NM_003392.4_utr5_4_0_chr3_55486986_r_Mut_1",31.2688589490594,0
"5M_1_7_chr3_55487134_55487135_NM_003392.4(WNT5A):c.-150C|T_NM_003392.4_utr5_4_0_chr3_55486986_r_Mut_1",24.2350004961139,0
"5M_1_7_chr3_55487134_55487135_NM_003392.4(WNT5A):c.-150C|T_NM_003392.4_utr5_4_0_chr3_55486986_r_Ref_2",33.8694177532869,0
"5M_1_7_chr3_55487375_55487378_NM_003392.4(WNT5A):c.-393_-391delCAC_NM_003392.4_utr5_4_0_chr3_55486986_r_Mut_1",27.8752349717116,1
"5M_1_7_chr3_55487375_55487378_NM_003392.4(WNT5A):c.-393_-391delCAC_NM_003392.4_utr5_4_0_chr3_55486986_r_Ref_1",21.8671069100118,1
"5M_1_7_chr3_55487559_55487560_NM_003392.4(WNT5A):c.-575G|A_NM_003392.4_utr5_4_0_chr3_55486986_r_Mut_1",12.3974805852204,1
"5M_1_7_chr3_55487559_55487560_NM_003392.4(WNT5A):c.-575G|A_NM_003392.4_utr5_4_0_chr3_55486986_r_Ref_1",34.6063089878422,1
"5M_1_7_chr3_55487576_55487577_NM_003392.4(WNT5A):c.-592G|T_NM_003392.4_utr5_4_0_chr3_55486986_r_Ref_1",75.5120369320136,1
"5M_1_7_chr3_64225153_64225154_NM_198859.3(PRICKLE2):c.-285A|T_NM_198859.3_utr5_7_0_chr3_64224910_r_Mut_1",46.223883026726,1
"5M_1_7_chr3_64225153_64225154_NM_198859.3(PRICKLE2):c.-285A|T_NM_198859.3_utr5_7_0_chr3_64224910_r_Ref_1",79.1638926424585,1
"5M_1_7_chr3_64225436_64225439_NM_198859.3(PRICKLE2):c.-570_-568delCCA_NM_198859.3_utr5_7_0_chr3_64224910_r_Mut_1",49.6467190900909,1
"5M_1_7_chr3_81761710_81761711_NM_000158.3(GBE1):c.-195G|T_NM_000158.3_utr5_15_0_chr3_81761518_r_Mut_1",30.216929257486,0
"5M_1_7_chr3_87276566_87276567_NM_000306.3(POU1F1):c.-105T|C_NM_001122757.2_utr5_5_0_chr3_87276463_r_Mut_1",318.606881295807,1
"5M_1_7_chr3_87276566_87276567_NM_000306.3(POU1F1):c.-105T|C_NM_001122757.2_utr5_5_0_chr3_87276463_r_Ref_1",16.2063998138732,1
"5M_1_7_chr3_93974009_93974010_NM_000313.3(PROS1):c.-261C|T_NM_000313.3_utr5_14_0_chr3_93973750_r_Mut_1",46.2853524255163,0
"5M_1_7_chr3_93974009_93974010_NM_000313.3(PROS1):c.-261C|T_NM_000313.3_utr5_14_0_chr3_93973750_r_Ref_1",28.9542070179976,0
"5M_1_7_chr3_98593513_98593514_NM_000097.5(CPOX):c.-10G|A_NM_000097.5_utr5_6_0_chr3_98593505_r_Mut_1",12.6453821222098,0
"5M_1_7_chr3_98593513_98593514_NM_000097.5(CPOX):c.-10G|A_NM_000097.5_utr5_6_0_chr3_98593505_r_Ref_2",66.8758016970675,0
"5M_1_7_chr4_102760951_102760952_NM_005908.3(MANBA):c.-58G|A_NM_005908.3_utr5_16_0_chr4_102760895_r_Ref_1",20.8709835029409,0
"5M_1_7_chr4_120922841_120922842_NM_018699.3(PRDM5):c.-234C|T_NM_018699.3_utr5_15_0_chr4_120922609_r_Mut_1",29.7819350746112,0
"5M_1_7_chr4_120922852_120922853_NM_018699.3(PRDM5):c.-245C|G_NM_018699.3_utr5_15_0_chr4_120922609_r_Mut_1",107.386335748469,0
"5M_1_7_chr4_120922852_120922853_NM_018699.3(PRDM5):c.-245C|G_NM_018699.3_utr5_15_0_chr4_120922609_r_Ref_3",22.5914981403515,0
"5M_1_7_chr4_139453832_139453833_NM_031296.2(RAB33B):c.-363G|A_ENST00000609359.1_utr5_2_0_chr4_139453685_r_Mut_1",45.2900677721826,0
"5M_1_7_chr4_139453832_139453833_NM_031296.2(RAB33B):c.-363G|A_ENST00000609359.1_utr5_2_0_chr4_139453685_r_Ref_1",29.9776695600382,0
"5M_1_7_chr4_139454032_139454033_NM_031296.2(RAB33B):c.-163C|T_ENST00000609359.1_utr5_2_0_chr4_139453685_r_Mut_1",60.3838835655212,0
"5M_1_7_chr4_148442170_148442171_NM_000901.4(NR3C2):c.-14C|G_NM_000901.4_utr5_8_0_chr4_148442160_r_Mut_1",155.533037061642,1
"5M_1_7_chr4_148442170_148442171_NM_000901.4(NR3C2):c.-14C|G_NM_000901.4_utr5_8_0_chr4_148442160_r_Ref_1",86.0630183443176,1
"5M_1_7_chr4_148442405_148442406_NM_000901.4(NR3C2):c.-249C|T_NM_000901.4_utr5_8_0_chr4_148442160_r_Mut_1",22.3539695065564,1
"5M_1_7_chr4_16076053_16076054_NM_006017.2(PROM1):c.-148G|A_NM_006017.2_utr5_26_0_chr4_16075907_r_Ref_1",71.7575466591114,0
"5M_1_7_chr4_16076073_16076074_NM_006017.2(PROM1):c.-168G|A_NM_006017.2_utr5_26_0_chr4_16075907_r_Mut_1",54.6040467839398,0
"5M_1_7_chr4_16076073_16076074_NM_006017.2(PROM1):c.-168G|A_NM_006017.2_utr5_26_0_chr4_16075907_r_Ref_1",277.12443207249,0
"5M_1_7_chr4_174522606_174522607_NM_000860.5(HPGD):c.-156T|C_NM_001256307.1_utr5_5_0_chr4_174522359_r_Mut_1",32.1511940486066,0
"5M_1_7_chr4_174522671_174522672_NM_000860.5(HPGD):c.-221G|A_NM_001256307.1_utr5_5_0_chr4_174522359_r_Ref_2",65.2500003867143,0
"5M_1_7_chr4_174522685_174522686_NM_000860.5(HPGD):c.-235C|A_NM_001256307.1_utr5_5_0_chr4_174522359_r_Mut_1",185.951404276435,0
"5M_1_7_chr4_174522685_174522686_NM_000860.5(HPGD):c.-235C|A_NM_001256307.1_utr5_5_0_chr4_174522359_r_Ref_1",345.708624100666,0
"5M_1_7_chr4_174522752_174522753_NM_000860.5(HPGD):c.-302C|T_NM_001256307.1_utr5_5_0_chr4_174522359_r_Mut_1",52.8781565921321,1
"5M_1_7_chr4_174522752_174522753_NM_000860.5(HPGD):c.-302C|T_NM_001256307.1_utr5_5_0_chr4_174522359_r_Ref_1",58.0370201047112,1
"5M_1_7_chr4_41748804_41748805_NM_003924.3(PHOX2B):c.-195G|A_NM_003924.3_utr5_2_0_chr4_41748611_r_Mut_1",19.9969942322935,1
"5M_1_7_chr4_41748804_41748805_NM_003924.3(PHOX2B):c.-195G|A_NM_003924.3_utr5_2_0_chr4_41748611_r_Ref_1",37.6270524540467,1
"5M_1_7_chr4_41748819_41748820_NM_003924.3(PHOX2B):c.-210C|A_NM_003924.3_utr5_2_0_chr4_41748611_r_Mut_1",23.6046261644751,1
"5M_1_7_chr4_41748819_41748820_NM_003924.3(PHOX2B):c.-210C|A_NM_003924.3_utr5_2_0_chr4_41748611_r_Ref_1",12.5036116285281,1
"5M_1_7_chr4_41748874_41748875_NM_003924.3(PHOX2B):c.-265G|A_NM_003924.3_utr5_2_0_chr4_41748611_r_Mut_1",20.8884119985655,0
"5M_1_7_chr4_41748874_41748875_NM_003924.3(PHOX2B):c.-265G|A_NM_003924.3_utr5_2_0_chr4_41748611_r_Ref_1",52.1686866585696,0
"5M_1_7_chr4_55125293_55125294_NM_002253.2(KDR):c.-1G|T_NM_002253.2_utr5_29_0_chr4_55125294_r_Mut_1",52.4648066273178,0
"5M_1_7_chr4_55125293_55125294_NM_002253.2(KDR):c.-1G|T_NM_002253.2_utr5_29_0_chr4_55125294_r_Ref_1",87.1046262600219,0
"5M_1_7_chr4_654070_654071_NM_000283.3(PDE6B):c.853-9T|C_ENST00000468356.3_utr5_2_0_chr4_654065_r_Mut_1",23.4002502339201,0
"5M_1_7_chr4_654070_654071_NM_000283.3(PDE6B):c.853-9T|C_ENST00000468356.3_utr5_2_0_chr4_654065_r_Ref_3",13.1730389947613,0
"5M_1_7_chr4_67754441_67754442_NM_000406.2(GNRHR):c.-107C|T_NM_000406.2_utr5_2_0_chr4_67754336_r_Mut_1",78.9396114998462,1
"5M_1_7_chr4_67754441_67754442_NM_000406.2(GNRHR):c.-107C|T_NM_000406.2_utr5_2_0_chr4_67754336_r_Ref_1",15.7463863620741,1
"5M_1_7_chr4_67754837_67754842_NM_000406.2(GNRHR):c.-507_-503delAGAAA_NM_000406.2_utr5_2_0_chr4_67754336_r_Mut_1",48.7165517680341,1
"5M_1_7_chr4_67754837_67754842_NM_000406.2(GNRHR):c.-507_-503delAGAAA_NM_000406.2_utr5_2_0_chr4_67754336_r_Ref_1",24.0888459051614,1
"5M_1_7_chr4_67754875_67754876_NM_000406.2(GNRHR):c.-541G|A_NM_000406.2_utr5_2_0_chr4_67754336_r_Mut_1",105.614226158196,1
"5M_1_7_chr4_67754875_67754876_NM_000406.2(GNRHR):c.-541G|A_NM_000406.2_utr5_2_0_chr4_67754336_r_Ref_1",45.5772493075041,1
"5M_1_7_chr4_67754910_67754911_NM_000406.2(GNRHR):c.-576G|T_NM_000406.2_utr5_2_0_chr4_67754336_r_Mut_1",19.9692748379189,1
"5M_1_7_chr4_67754910_67754911_NM_000406.2(GNRHR):c.-576G|T_NM_000406.2_utr5_2_0_chr4_67754336_r_Ref_1",17.5456285959788,1
"5M_1_7_chr4_67755256_67755257_NM_000406.2(GNRHR):c.-922A|G_NM_000406.2_utr5_2_0_chr4_67754336_r_Mut_1",71.3951745600556,1
"5M_1_7_chr4_67755256_67755257_NM_000406.2(GNRHR):c.-922A|G_NM_000406.2_utr5_2_0_chr4_67754336_r_Ref_1",16.0996987645874,1
"5M_1_7_chr4_67755325_67755326_NM_000406.2(GNRHR):c.-991A|G_NM_000406.2_utr5_2_0_chr4_67754336_r_Mut_1",34.0192549389029,1
"5M_1_7_chr4_67755325_67755326_NM_000406.2(GNRHR):c.-991A|G_NM_000406.2_utr5_2_0_chr4_67754336_r_Ref_1",36.8655675688741,1
"5M_1_7_chr4_67755393_67755394_NM_000406.2(GNRHR):c.-1059G|C_NM_000406.2_utr5_2_0_chr4_67754336_r_Mut_1",24.69640413271,1
"5M_1_7_chr4_67755393_67755394_NM_000406.2(GNRHR):c.-1059G|C_NM_000406.2_utr5_2_0_chr4_67754336_r_Ref_1",29.435919901318,1
"5M_1_7_chr4_67755573_67755574_NM_000406.2(GNRHR):c.-1239T|A_NM_000406.2_utr5_2_0_chr4_67754336_r_Mut_1",12.7579550879123,1
"5M_1_7_chr4_67755645_67755646_NM_000406.2(GNRHR):c.-1311A|G_NM_000406.2_utr5_2_0_chr4_67754336_r_Mut_1",35.4943290040533,0
"5M_1_7_chr4_67755645_67755646_NM_000406.2(GNRHR):c.-1311A|G_NM_000406.2_utr5_2_0_chr4_67754336_r_Ref_1",33.1103631654642,0
"5M_1_7_chr4_67755904_67755905_NM_000406.2(GNRHR):c.-1570C|G_NM_000406.2_utr5_2_0_chr4_67754336_r_Ref_1",25.2881968084617,1
"5M_1_7_chr4_67756075_67756076_NM_000406.2(GNRHR):c.-1741G|T_NM_000406.2_utr5_2_0_chr4_67754336_r_Mut_1",36.0844333598535,0
"5M_1_7_chr4_67756075_67756076_NM_000406.2(GNRHR):c.-1741G|T_NM_000406.2_utr5_2_0_chr4_67754336_r_Ref_1",51.1958534353267,0
"5M_1_7_chr4_80073064_80073065_NM_058172.5(ANTXR2):c.-505G|C_NM_058172.5_utr5_16_0_chr4_80072561_r_Mut_1",88.2864191515599,1
"5M_1_7_chr4_80073064_80073065_NM_058172.5(ANTXR2):c.-505G|C_NM_058172.5_utr5_16_0_chr4_80072561_r_Ref_1",234.447390256244,1
"5M_1_7_chr4_86354577_86354578_NM_138982.3(MAPK10):c.-55C|A_NM_001318067.1_utr5_12_0_chr4_86354530_r_Mut_1",26.4924713281739,0
"5M_1_7_chr4_86354577_86354578_NM_138982.3(MAPK10):c.-55C|A_NM_001318067.1_utr5_12_0_chr4_86354530_r_Ref_4",30.4259002519554,0
"5M_1_7_chr4_86354589_86354590_NM_138982.3(MAPK10):c.-67T|G_NM_001318067.1_utr5_12_0_chr4_86354530_r_Mut_1",36.2423190714732,0
"5M_1_7_chr4_86354623_86354624_NM_138982.3(MAPK10):c.-101C|G_NM_001318067.1_utr5_12_0_chr4_86354530_r_Mut_1",33.1354465784184,0
"5M_1_7_chr4_86354624_86354625_NM_138982.3(MAPK10):c.-102A|G_NM_001318067.1_utr5_12_0_chr4_86354530_r_Mut_1",12.8410340972226,0
"5M_1_7_chr4_86359734_86359735_NM_138982.3(MAPK10):c.-199G|A_NM_138980.3_utr5_13_0_chr4_86359658_r_Mut_1",53.359313907861,1
"5M_1_7_chr4_89836946_89836947_NM_000345.3(SNCA):c.-26+15C|T_NM_001146054.1_utr5_5_0_chr4_89836743_r_Mut_1",25.4861765385824,1
"5M_1_7_chr4_89836946_89836947_NM_000345.3(SNCA):c.-26+15C|T_NM_001146054.1_utr5_5_0_chr4_89836743_r_Ref_1",118.857158798313,1
"5M_1_7_chr4_89836977_89836978_NM_000345.3(SNCA):c.-42T|C_NM_000345.3_utr5_5_0_chr4_89836962_r_Mut_1",51.5911798746936,0
"5M_1_7_chr4_89836977_89836978_NM_000345.3(SNCA):c.-42T|C_NM_000345.3_utr5_5_0_chr4_89836962_r_Ref_2",25.4016347383556,0
"5M_1_7_chr4_89837186_89837187_NM_000345.3(SNCA):c.-251A|C_NM_000345.3_utr5_5_0_chr4_89836962_r_Mut_1",13.886343149853,0
"5M_1_7_chr5_10265102_10265103_NM_012073.4(CCT5):c.*320T|C_ENST00000606194.1_utr5_0_0_chr5_10264597_r_Mut_1",14.942334859271,1
"5M_1_7_chr5_10265102_10265103_NM_012073.4(CCT5):c.*320T|C_ENST00000606194.1_utr5_0_0_chr5_10264597_r_Ref_1",34.6759585216689,1
"5M_1_7_chr5_10265127_10265128_NM_012073.4(CCT5):c.*345T|C_ENST00000606194.1_utr5_0_0_chr5_10264597_r_Mut_1",56.8329698693366,1
"5M_1_7_chr5_10265127_10265128_NM_012073.4(CCT5):c.*345T|C_ENST00000606194.1_utr5_0_0_chr5_10264597_r_Ref_1",18.4573450247722,1
"5M_1_7_chr5_10265202_10265203_NM_012073.4(CCT5):c.*420T|C_ENST00000606194.1_utr5_0_0_chr5_10264597_r_Mut_1",16.2268471866461,0
"5M_1_7_chr5_10265202_10265203_NM_012073.4(CCT5):c.*420T|C_ENST00000606194.1_utr5_0_0_chr5_10264597_r_Ref_1",12.7179388068348,1
"5M_1_7_chr5_10265702_10265703_NM_012073.4(CCT5):c.*920dupA_ENST00000606194.1_utr5_0_0_chr5_10264597_r_Mut_1",27.5776613600872,0
"5M_1_7_chr5_10265774_10265777_NM_012073.4(CCT5):c.*992_*994dupTCT_ENST00000606194.1_utr5_0_0_chr5_10264597_r_Mut_1",47.6532101509101,1
"5M_1_7_chr5_10265774_10265777_NM_012073.4(CCT5):c.*992_*994dupTCT_ENST00000606194.1_utr5_0_0_chr5_10264597_r_Ref_1",16.1977218711367,1
"5M_1_7_chr5_10266021_10266022_NM_012073.4(CCT5):c.*1239C|G_ENST00000606194.1_utr5_0_0_chr5_10264597_r_Ref_1",55.5444461963026,1
"5M_1_7_chr5_10266183_10266184_NM_012073.4(CCT5):c.*1401G|A_ENST00000606194.1_utr5_0_0_chr5_10264597_r_Mut_1",63.1238940206819,1
"5M_1_7_chr5_10266183_10266184_NM_012073.4(CCT5):c.*1401G|A_ENST00000606194.1_utr5_0_0_chr5_10264597_r_Ref_1",66.757204201645,1
"5M_1_7_chr5_126595277_126595278_NM_001182.4(ALDH7A1):c.-80T|G_NM_001201377.1_utr5_17_0_chr5_126595115_r_Mut_1",16.4234719024533,0
"5M_1_7_chr5_126595277_126595278_NM_001182.4(ALDH7A1):c.-80T|G_NM_001201377.1_utr5_17_0_chr5_126595115_r_Ref_1",18.1474476335894,0
"5M_1_7_chr5_132638225_132638226_NM_005732.3(RAD50):c.3618+3A|G_ENST00000435042.1_utr5_0_0_chr5_132638076_r_Mut_1",69.1324593841382,0
"5M_1_7_chr5_132866682_132866683_NM_014402.4(UQCRQ):c.-18G|C_NM_001288825.2_utr5_3_0_chr5_132866599_r_Mut_1",20.1699453030659,0
"5M_1_7_chr5_132866682_132866683_NM_014402.4(UQCRQ):c.-18G|C_NM_001288825.2_utr5_3_0_chr5_132866599_r_Ref_1",45.4002095799993,0
"5M_1_7_chr5_137735815_137735816_NM_017415.2(KLHL3):c.-170T|C_NM_017415.2_utr5_14_0_chr5_137735647_r_Mut_1",155.154169836232,1
"5M_1_7_chr5_137735815_137735816_NM_017415.2(KLHL3):c.-170T|C_NM_017415.2_utr5_14_0_chr5_137735647_r_Ref_1",53.5286454123571,1
"5M_1_7_chr5_137883372_137883373_NM_006790.2(MYOT):c.817-11T|C_ENST00000508281.2_utr5_0_0_chr5_137882793_r_Mut_1",67.7490620819187,1
"5M_1_7_chr5_137883372_137883373_NM_006790.2(MYOT):c.817-11T|C_ENST00000508281.2_utr5_0_0_chr5_137882793_r_Ref_1",38.5055583213013,1
"5M_1_7_chr5_140647632_140647633_NM_002488.4(NDUFA2):c.-50G|A_NM_001185012.1_utr5_2_0_chr5_140647584_r_Mut_1",31.7615555453028,0
"5M_1_7_chr5_140647632_140647633_NM_002488.4(NDUFA2):c.-50G|A_NM_001185012.1_utr5_2_0_chr5_140647584_r_Ref_3",35.9599076396633,0
"5M_1_7_chr5_140647645_140647646_NM_002488.4(NDUFA2):c.-63G|A_NM_001185012.1_utr5_2_0_chr5_140647584_r_Mut_1",31.2967369238517,1
"5M_1_7_chr5_140647645_140647646_NM_002488.4(NDUFA2):c.-63G|A_NM_001185012.1_utr5_2_0_chr5_140647584_r_Ref_1",21.5438905957176,1
"5M_1_7_chr5_140691367_140691368_NM_002109.5(HARS):c.-64C|T_NM_002109.5_utr5_12_0_chr5_140691305_r_Mut_1",176.086176411675,0
"5M_1_7_chr5_140691367_140691368_NM_002109.5(HARS):c.-64C|T_NM_002109.5_utr5_12_0_chr5_140691305_r_Ref_1",28.6732937224891,0
"5M_1_7_chr5_140691482_140691483_NM_002109.5(HARS):c.-179C|G_NM_002109.5_utr5_12_0_chr5_140691305_r_Ref_1",49.9400230827001,1
"5M_1_7_chr5_140691488_140691489_NM_002109.5(HARS):c.-185G|T_NM_002109.5_utr5_12_0_chr5_140691305_r_Ref_1",40.3281498765816,1
"5M_1_7_chr5_141618935_141618936_NM_005219.4(DIAPH1):c.-22G|T_NM_001314007.1_utr5_28_0_chr5_141618915_r_Mut_1",61.9158426705051,0
"5M_1_7_chr5_147831718_147831719_NM_003122.4(SPINK1):c.-142T|C_NM_003122.4_utr5_3_0_chr5_147831578_r_Mut_1",59.3286238871547,0
"5M_1_7_chr5_147831718_147831719_NM_003122.4(SPINK1):c.-142T|C_NM_003122.4_utr5_3_0_chr5_147831578_r_Ref_2",32.2588991409,0
"5M_1_7_chr5_14871717_14871720_NM_054027.4(ANKH):c.-273_-271delCCG_NM_054027.4_utr5_11_0_chr5_14871448_r_Mut_1",80.2005548890255,1
"5M_1_7_chr5_14871717_14871720_NM_054027.4(ANKH):c.-273_-271delCCG_NM_054027.4_utr5_11_0_chr5_14871448_r_Ref_1",44.3535580997381,1
"5M_1_7_chr5_149063113_149063114_NM_024577.3(SH3TC2):c.-92C|T_NM_024577.3_utr5_16_0_chr5_149063023_r_Mut_1",50.5297737854731,0
"5M_1_7_chr5_149063113_149063114_NM_024577.3(SH3TC2):c.-92C|T_NM_024577.3_utr5_16_0_chr5_149063023_r_Ref_1",63.082984612286,0
"5M_1_7_chr5_149944786_149944787_NM_000440.2(PDE6A):c.-114T|C_NM_000440.2_utr5_21_0_chr5_149944674_r_Mut_1",79.3854793223028,0
"5M_1_7_chr5_149944786_149944787_NM_000440.2(PDE6A):c.-114T|C_NM_000440.2_utr5_21_0_chr5_149944674_r_Ref_1",40.3301801517549,0
"5M_1_7_chr5_150086528_150086529_NM_005211.3(CSF1R):c.-102C|T_NM_001288705.1_utr5_20_0_chr5_150086428_r_Mut_1",37.766245583809,0
"5M_1_7_chr5_150086528_150086529_NM_005211.3(CSF1R):c.-102C|T_NM_001288705.1_utr5_20_0_chr5_150086428_r_Ref_1",60.1774128583354,0
"5M_1_7_chr5_151924628_151924629_NM_000171.3(GLRA1):c.-80G|A_NM_001292000.1_utr5_7_0_chr5_151924494_r_Mut_1",58.128365449484,1
"5M_1_7_chr5_151924628_151924629_NM_000171.3(GLRA1):c.-80G|A_NM_001292000.1_utr5_7_0_chr5_151924494_r_Ref_1",46.7896107936304,1
"5M_1_7_chr5_151924678_151924679_NM_000171.3(GLRA1):c.-130G|A_NM_001292000.1_utr5_7_0_chr5_151924494_r_Mut_1",54.8260287161573,1
"5M_1_7_chr5_151924678_151924679_NM_000171.3(GLRA1):c.-130G|A_NM_001292000.1_utr5_7_0_chr5_151924494_r_Ref_1",33.5086583169986,1
"5M_1_7_chr5_151924819_151924820_NM_000171.3(GLRA1):c.-271G|C_NM_001292000.1_utr5_7_0_chr5_151924494_r_Mut_1",98.2791258808339,0
"5M_1_7_chr5_151924819_151924820_NM_000171.3(GLRA1):c.-271G|C_NM_001292000.1_utr5_7_0_chr5_151924494_r_Ref_1",26.8059692777864,0
"5M_1_7_chr5_178153818_178153819_NM_017838.3(NHP2):c.-2C|A_NM_017838.3_utr5_3_0_chr5_178153818_r_Mut_1",89.2021328541567,0
"5M_1_7_chr5_178153826_178153827_NM_017838.3(NHP2):c.-10G|T_NM_017838.3_utr5_3_0_chr5_178153818_r_Mut_1",179.215261660258,0
"5M_1_7_chr5_178153872_178153873_NM_017838.3(NHP2):c.-56A|C_NM_017838.3_utr5_3_0_chr5_178153818_r_Ref_3",59.4169133418958,0
"5M_1_7_chr5_37249347_37249348_NM_023073.3(C5orf42):c.-151C|T_NM_023073.3_utr5_51_0_chr5_37249245_r_Mut_1",52.8375146940049,0
"5M_1_7_chr5_41870411_41870412_NM_000436.3(OXCT1):c.-54G|A_NM_000436.3_utr5_16_0_chr5_41870359_r_Mut_1",98.491874450064,0
"5M_1_7_chr5_41870411_41870412_NM_000436.3(OXCT1):c.-54G|A_NM_000436.3_utr5_16_0_chr5_41870359_r_Ref_2",14.3163409913474,0
"5M_1_7_chr5_53109702_53109703_NM_176806.3(MOCS2):c.18+9G|A_NM_004531.4_utr5_6_0_chr5_53109251_r_Mut_1",201.807653424386,0
"5M_1_7_chr5_53109702_53109703_NM_176806.3(MOCS2):c.18+9G|A_NM_004531.4_utr5_6_0_chr5_53109251_r_Ref_1",192.178912838936,0
"5M_1_7_chr5_53109765_53109766_NM_176806.3(MOCS2):c.-37T|C_NM_004531.4_utr5_6_0_chr5_53109251_r_Mut_1",50.3194110370865,0
"5M_1_7_chr5_53109765_53109766_NM_176806.3(MOCS2):c.-37T|C_NM_004531.4_utr5_6_0_chr5_53109251_r_Ref_4",54.0384941533619,0
"5M_1_7_chr5_60945032_60945033_NM_000082.3(ERCC8):c.-25G|C_NM_001007233.2_utr5_12_0_chr5_60944932_r_Mut_1",51.4399839962213,1
"5M_1_7_chr5_60945032_60945033_NM_000082.3(ERCC8):c.-25G|C_NM_001007233.2_utr5_12_0_chr5_60944932_r_Ref_1",155.200070709384,1
"5M_1_7_chr5_6632991_6632992_NM_017755.5(NSUN2):c.-13G|C_NM_017755.5_utr5_18_0_chr5_6632980_r_Mut_1",43.9754752528629,0
"5M_1_7_chr5_6632991_6632992_NM_017755.5(NSUN2):c.-13G|C_NM_017755.5_utr5_18_0_chr5_6632980_r_Ref_1",37.5262382270358,0
"5M_1_7_chr5_6633128_6633129_NM_017755.5(NSUN2):c.-150A|T_NM_017755.5_utr5_18_0_chr5_6632980_r_Mut_1",70.808737631783,1
"5M_1_7_chr5_6633128_6633129_NM_017755.5(NSUN2):c.-150A|T_NM_017755.5_utr5_18_0_chr5_6632980_r_Ref_1",79.6801057666603,0
"5M_1_7_chr5_6633259_6633260_NM_017755.5(NSUN2):c.-281G|A_NM_017755.5_utr5_18_0_chr5_6632980_r_Mut_1",59.8941773295305,1
"5M_1_7_chr5_78985486_78985487_NM_000046.3(ARSB):c.-239T|A_NM_000046.3_utr5_7_0_chr5_78985249_r_Mut_1",24.0169930874334,1
"5M_1_7_chr5_78985486_78985487_NM_000046.3(ARSB):c.-239T|A_NM_000046.3_utr5_7_0_chr5_78985249_r_Ref_1",63.7412344758636,1
"5M_1_7_chr5_78985548_78985549_NM_000046.3(ARSB):c.-301G|A_NM_000046.3_utr5_7_0_chr5_78985249_r_Mut_1",25.0750800015598,1
"5M_1_7_chr5_78985548_78985549_NM_000046.3(ARSB):c.-301G|A_NM_000046.3_utr5_7_0_chr5_78985249_r_Ref_1",44.1802845847393,1
"5M_1_7_chr5_78985578_78985579_NM_000046.3(ARSB):c.-331G|A_NM_000046.3_utr5_7_0_chr5_78985249_r_Mut_1",32.8208920826952,1
"5M_1_7_chr5_78985578_78985579_NM_000046.3(ARSB):c.-331G|A_NM_000046.3_utr5_7_0_chr5_78985249_r_Ref_1",29.9599626306335,1
"5M_1_7_chr5_78985754_78985755_NM_000046.3(ARSB):c.-507T|C_NM_000046.3_utr5_7_0_chr5_78985249_r_Mut_1",66.0640757055722,1
"5M_1_7_chr5_78986095_78986096_NM_000046.3(ARSB):c.-848C|T_NM_000046.3_utr5_7_0_chr5_78985249_r_Mut_1",21.5430751564359,1
"5M_1_7_chr5_78986095_78986096_NM_000046.3(ARSB):c.-848C|T_NM_000046.3_utr5_7_0_chr5_78985249_r_Ref_1",52.4717509798305,1
"5M_1_7_chr5_78986305_78986306_NM_000046.3(ARSB):c.-1058A|G_NM_000046.3_utr5_7_0_chr5_78985249_r_Mut_1",16.8183196142458,1
"5M_1_7_chr5_78986305_78986306_NM_000046.3(ARSB):c.-1058A|G_NM_000046.3_utr5_7_0_chr5_78985249_r_Ref_1",16.5078209006417,1
"5M_1_7_chr5_83581316_83581319_NM_004385.4(VCAN):c.*883_*885delCAA_ENST00000513899.1_utr5_1_0_chr5_83581093_r_Mut_1",10.0897415305403,1
"5M_1_7_chr5_88883004_88883005_NM_002397.4(MEF2C):c.-193C|T_NM_002397.4_utr5_10_0_chr5_88882955_r_Mut_1",24.873443506068,1
"5M_1_7_chr5_88883004_88883005_NM_002397.4(MEF2C):c.-193C|T_NM_002397.4_utr5_10_0_chr5_88882955_r_Ref_1",28.3782103891895,1
"5M_1_7_chr5_88883019_88883020_NM_002397.4(MEF2C):c.-208dupT_NM_002397.4_utr5_10_0_chr5_88882955_r_Mut_1",40.9532152814621,1
"5M_1_7_chr5_88883019_88883020_NM_002397.4(MEF2C):c.-208dupT_NM_002397.4_utr5_10_0_chr5_88882955_r_Ref_2",46.7910275847419,1
"5M_1_7_chr5_96433188_96433189_NM_000439.4(PCSK1):c.-147C|G_NM_000439.4_utr5_13_0_chr5_96433043_r_Mut_1",63.1933780508494,0
"5M_1_7_chr5_96433188_96433189_NM_000439.4(PCSK1):c.-147C|G_NM_000439.4_utr5_13_0_chr5_96433043_r_Ref_1",32.0171469256832,0
"5M_1_7_chr6_100463648_100463649_NM_005068.2(SIM1):c.-181T|A_NM_005068.2_utr5_10_0_chr6_100463469_r_Mut_1",32.8080233718412,1
"5M_1_7_chr6_100463648_100463649_NM_005068.2(SIM1):c.-181T|A_NM_005068.2_utr5_10_0_chr6_100463469_r_Ref_2",26.0034768587869,1
"5M_1_7_chr6_100463667_100463668_NM_005068.2(SIM1):c.-200delT_NM_005068.2_utr5_10_0_chr6_100463469_r_Mut_1",34.2988023727163,1
"5M_1_7_chr6_107459366_107459367_NM_020381.3(PDSS2):c.-82G|A_NM_020381.3_utr5_7_0_chr6_107459286_r_Mut_1",20.3202313342773,1
"5M_1_7_chr6_107459366_107459367_NM_020381.3(PDSS2):c.-82G|A_NM_020381.3_utr5_7_0_chr6_107459286_r_Ref_1",57.2105002291357,1
"5M_1_7_chr6_123637010_123637011_NM_006073.3(TRDN):c.-236T|C_NM_006073.3_utr5_40_0_chr6_123636776_r_Mut_1",67.2715794721093,1
"5M_1_7_chr6_123637010_123637011_NM_006073.3(TRDN):c.-236T|C_NM_006073.3_utr5_40_0_chr6_123636776_r_Ref_1",31.0380887322831,1
"5M_1_7_chr6_135497749_135497750_NM_017651.4(AHI1):c.-284G|A_NM_001134831.1_utr5_28_0_chr6_135497583_r_Mut_1",58.2025721029394,0
"5M_1_7_chr6_152628339_152628340_NM_182961.3(SYNE1):c.-9G|T_NM_033071.3_utr5_144_0_chr6_152628332_r_Mut_1",45.2557938435175,1
"5M_1_7_chr6_162727713_162727714_NM_004562.2(PRKN):c.-46C|T_NM_004562.2_utr5_11_0_chr6_162727669_r_Mut_1",37.6767419639177,1
"5M_1_7_chr6_162727713_162727714_NM_004562.2(PRKN):c.-46C|T_NM_004562.2_utr5_11_0_chr6_162727669_r_Ref_3",32.9965547454763,1
"5M_1_7_chr6_162727774_162727775_NM_004562.2(PRKN):c.-107G|A_NM_004562.2_utr5_11_0_chr6_162727669_r_Ref_1",42.6261486410481,1
"5M_1_7_chr6_166956213_166956214_NM_003730.4(RNASET2):c.-32A|G_NM_003730.4_utr5_8_0_chr6_166956183_r_Mut_1",251.881541527268,0
"5M_1_7_chr6_166956213_166956214_NM_003730.4(RNASET2):c.-32A|G_NM_003730.4_utr5_8_0_chr6_166956183_r_Ref_2",60.2454815668163,0
"5M_1_7_chr6_166956258_166956259_NM_003730.4(RNASET2):c.-77delG_NM_003730.4_utr5_8_0_chr6_166956183_r_Mut_1",28.6085131144729,0
"5M_1_7_chr6_166956258_166956259_NM_003730.4(RNASET2):c.-77delG_NM_003730.4_utr5_8_0_chr6_166956183_r_Ref_1",146.820778593859,0
"5M_1_7_chr6_166956357_166956358_NM_003730.4(RNASET2):c.-176C|T_NM_003730.4_utr5_8_0_chr6_166956183_r_Ref_1",125.281471152207,0
"5M_1_7_chr6_166956432_166956433_NM_003730.4(RNASET2):c.-251G|C_NM_003730.4_utr5_8_0_chr6_166956183_r_Ref_1",109.398659886342,0
"5M_1_7_chr6_166956565_166956566_NM_003730.4(RNASET2):c.-384G|A_NM_003730.4_utr5_8_0_chr6_166956183_r_Mut_1",23.4127072922929,0
"5M_1_7_chr6_18155125_18155126_NM_000367.4(TPMT):c.-138delG_NM_000367.3_utr5_8_0_chr6_18155033_r_Mut_1",32.0671695052063,0
"5M_1_7_chr6_18155125_18155126_NM_000367.4(TPMT):c.-138delG_NM_000367.3_utr5_8_0_chr6_18155033_r_Ref_1",27.2774737705945,0
"5M_1_7_chr6_31862788_31862789_NM_000434.3(NEU1):c.-13G|A_NM_000434.3_utr5_5_0_chr6_31862777_r_Mut_1",282.919811897194,0
"5M_1_7_chr6_31862788_31862789_NM_000434.3(NEU1):c.-13G|A_NM_000434.3_utr5_5_0_chr6_31862777_r_Ref_2",182.177312885653,0
"5M_1_7_chr6_31862851_31862852_NM_000434.3(NEU1):c.-76C|G_NM_000434.3_utr5_5_0_chr6_31862777_r_Mut_1",32.2777289196399,0
"5M_1_7_chr6_31862851_31862852_NM_000434.3(NEU1):c.-76C|G_NM_000434.3_utr5_5_0_chr6_31862777_r_Ref_1",38.4893121585538,0
"5M_1_7_chr6_31958923_31958924_NM_006929.4(SKIV2L):c.-269T|C_NM_002904.5_utr5_10_0_chr6_31958892_r_Mut_1",17.9712023945656,0
"5M_1_7_chr6_31958923_31958924_NM_006929.4(SKIV2L):c.-269T|C_NM_002904.5_utr5_10_0_chr6_31958892_r_Ref_4",44.2603616161006,0
"5M_1_7_chr6_39934416_39934417_NM_005943.5(MOCS1):c.-6839A|C_ENST00000373195.7_utr5_8_0_chr6_39934295_r_Mut_1",25.8140083877484,0
"5M_1_7_chr6_41163132_41163133_NM_018965.3(TREM2):c.-51G|A_NM_018965.3_utr5_4_0_chr6_41163083_r_Mut_1",238.950229763288,0
"5M_1_7_chr6_41163132_41163133_NM_018965.3(TREM2):c.-51G|A_NM_018965.3_utr5_4_0_chr6_41163083_r_Ref_1",270.528630457575,0
"5M_1_7_chr6_42722393_42722394_NM_000322.4(PRPH2):c.-60C|T_NM_000322.4_utr5_2_0_chr6_42722335_r_Mut_1",51.4892148860914,1
"5M_1_7_chr6_42722393_42722394_NM_000322.4(PRPH2):c.-60C|T_NM_000322.4_utr5_2_0_chr6_42722335_r_Ref_1",18.5931647322292,1
"5M_1_7_chr6_42722449_42722450_NM_000322.4(PRPH2):c.-116C|G_NM_000322.4_utr5_2_0_chr6_42722335_r_Mut_1",63.6193074585708,0
"5M_1_7_chr6_42722449_42722450_NM_000322.4(PRPH2):c.-116C|G_NM_000322.4_utr5_2_0_chr6_42722335_r_Ref_1",192.602667948691,0
"5M_1_7_chr6_42722615_42722616_NM_000322.4(PRPH2):c.-282G|A_NM_000322.4_utr5_2_0_chr6_42722335_r_Ref_1",137.461703883142,0
"5M_1_7_chr6_43053881_43053882_NM_014780.4(CUL7):c.-269A|G_NM_014780.4_utr5_25_0_chr6_43053622_r_Mut_1",63.9665573186483,0
"5M_1_7_chr6_43053881_43053882_NM_014780.4(CUL7):c.-269A|G_NM_014780.4_utr5_25_0_chr6_43053622_r_Ref_1",160.51420841651,0
"5M_1_7_chr6_43053910_43053911_NM_014780.4(CUL7):c.-298C|G_NM_014780.4_utr5_25_0_chr6_43053622_r_Mut_1",57.5891343594525,0
"5M_1_7_chr6_49463140_49463141_NM_000255.3(MUT):c.-78C|A_NM_000255.3_utr5_12_0_chr6_49463103_r_Mut_1",35.9039462253744,0
"5M_1_7_chr6_49463140_49463141_NM_000255.3(MUT):c.-78C|A_NM_000255.3_utr5_12_0_chr6_49463103_r_Ref_1",87.3445938470417,0
"5M_1_7_chr6_49463197_49463198_NM_000255.3(MUT):c.-135G|T_NM_000255.3_utr5_12_0_chr6_49463103_r_Mut_1",97.2248419422895,1
"5M_1_7_chr6_49463197_49463198_NM_000255.3(MUT):c.-135G|T_NM_000255.3_utr5_12_0_chr6_49463103_r_Ref_1",23.3186000397041,1
"5M_1_7_chr6_52087571_52087572_NM_138694.3(PKHD1):c.-223G|A_NM_138694.3_utr5_66_0_chr6_52087434_r_Mut_1",22.0921866028956,0
"5M_1_7_chr6_52087571_52087572_NM_138694.3(PKHD1):c.-223G|A_NM_138694.3_utr5_66_0_chr6_52087434_r_Ref_1",273.893261427917,0
"5M_1_7_chr6_56642852_56642853_NM_001723.5(DST):c.-65C|T_NM_015548.4_utr5_83_0_chr6_56642789_r_Mut_1",87.5397543008673,1
"5M_1_7_chr6_56642852_56642853_NM_001723.5(DST):c.-65C|T_NM_015548.4_utr5_83_0_chr6_56642789_r_Ref_2",69.1352204674957,1
"5M_1_7_chr6_56642897_56642898_NM_015548.4(DST):c.-110G|A_ENST00000244364.10_utr5_83_0_chr6_56642789_r_Mut_1",44.1076299901658,1
"5M_1_7_chr6_56642897_56642898_NM_015548.4(DST):c.-110G|A_ENST00000244364.10_utr5_83_0_chr6_56642789_r_Ref_1",21.650237652084,1
"5M_1_7_chr6_65495477_65495478_NM_001142800.1(EYS):c.-68C|T_NM_001292009.1_utr5_40_0_chr6_65495411_r_Mut_1",21.4872758732079,1
"5M_1_7_chr6_65495477_65495478_NM_001142800.1(EYS):c.-68C|T_NM_001292009.1_utr5_40_0_chr6_65495411_r_Ref_1",21.6391444342723,1
"5M_1_7_chr6_65495860_65495861_NM_001142800.1(EYS):c.-200G|A_NM_001292009.1_utr5_41_0_chr6_65495859_r_Mut_1",54.4481467346024,0
"5M_1_7_chr6_65639781_65639782_NM_001142800.1(EYS):c.-337T|A_NM_001292009.1_utr5_42_0_chr6_65639778_r_Mut_1",55.7545704946353,1
"5M_1_7_chr6_65639851_65639852_NM_001142800.1(EYS):c.-407C|G_NM_001292009.1_utr5_42_0_chr6_65639778_r_Mut_1",12.9233361373401,1
"5M_1_7_chr6_65639858_65639859_NM_001142800.1(EYS):c.-414G|A_NM_001292009.1_utr5_42_0_chr6_65639778_r_Mut_1",14.2881830604136,1
"5M_1_7_chr6_69796937_69796938_NM_018368.3(LMBRD1):c.-57T|C_NM_018368.3_utr5_15_0_chr6_69796882_r_Mut_1",21.964108087043,0
"5M_1_7_chr6_69796983_69796984_NM_018368.3(LMBRD1):c.-103A|G_NM_018368.3_utr5_15_0_chr6_69796882_r_Mut_1",19.7974511561691,0
"5M_1_7_chr6_69796983_69796984_NM_018368.3(LMBRD1):c.-103A|G_NM_018368.3_utr5_15_0_chr6_69796882_r_Ref_1",72.258983059094,0
"5M_1_7_chr6_69797061_69797062_NM_018368.3(LMBRD1):c.-181C|A_NM_018368.3_utr5_15_0_chr6_69796882_r_Mut_1",16.8881456205764,0
"5M_1_7_chr6_69797061_69797062_NM_018368.3(LMBRD1):c.-181C|A_NM_018368.3_utr5_15_0_chr6_69796882_r_Ref_1",391.543130501207,0
"5M_1_7_chr6_70303002_70303003_NM_001851.4(COL9A1):c.-79G|T_NM_001851.4_utr5_37_0_chr6_70302925_r_Ref_1",32.7826367307648,0
"5M_1_7_chr6_70303073_70303074_NM_001851.4(COL9A1):c.-150T|C_NM_001851.4_utr5_37_0_chr6_70302925_r_Ref_1",69.4931075029016,1
"5M_1_7_chr6_79947441_79947442_NM_022726.3(ELOVL4):c.-163C|A_NM_022726.3_utr5_5_0_chr6_79947280_r_Mut_1",56.2095838715385,0
"5M_1_7_chr6_79947513_79947514_NM_022726.3(ELOVL4):c.-235C|T_NM_022726.3_utr5_5_0_chr6_79947280_r_Mut_1",16.7693724031087,0
"5M_1_7_chr6_79947513_79947514_NM_022726.3(ELOVL4):c.-235C|T_NM_022726.3_utr5_5_0_chr6_79947280_r_Ref_1",220.001013513572,0
"5M_1_7_chr6_79947526_79947527_NM_022726.3(ELOVL4):c.-248G|A_NM_022726.3_utr5_5_0_chr6_79947280_r_Mut_1",45.4037712232759,0
"5M_1_7_chr6_79947526_79947527_NM_022726.3(ELOVL4):c.-248G|A_NM_022726.3_utr5_5_0_chr6_79947280_r_Ref_1",179.953333607524,0
"5M_1_7_chr6_79947530_79947531_NM_022726.3(ELOVL4):c.-252G|A_NM_022726.3_utr5_5_0_chr6_79947280_r_Mut_1",35.7966636679792,0
"5M_1_7_chr6_79947530_79947531_NM_022726.3(ELOVL4):c.-252G|A_NM_022726.3_utr5_5_0_chr6_79947280_r_Ref_1",99.1690273201636,0
"5M_1_7_chr6_79947540_79947541_NM_022726.3(ELOVL4):c.-262A|G_NM_022726.3_utr5_5_0_chr6_79947280_r_Mut_1",244.671828409112,0
"5M_1_7_chr6_79947570_79947571_NM_022726.3(ELOVL4):c.-292G|T_NM_022726.3_utr5_5_0_chr6_79947280_r_Mut_1",28.4985748488192,0
"5M_1_7_chr6_79947570_79947571_NM_022726.3(ELOVL4):c.-292G|T_NM_022726.3_utr5_5_0_chr6_79947280_r_Ref_5",85.3782621717953,0
"5M_1_7_chr6_79947579_79947580_NM_022726.3(ELOVL4):c.-301A|C_NM_022726.3_utr5_5_0_chr6_79947280_r_Mut_1",74.1008761390908,0
"5M_1_7_chr6_79947595_79947596_NM_022726.3(ELOVL4):c.-317G|T_NM_022726.3_utr5_5_0_chr6_79947280_r_Mut_1",58.9372245037275,0
"5M_1_7_chr7_103443200_103443201_NM_198999.2(SLC26A5):c.-172C|G_NM_206883.2_utr5_18_0_chr7_103443083_r_Mut_1",157.988623150538,0
"5M_1_7_chr7_103443200_103443201_NM_198999.2(SLC26A5):c.-172C|G_NM_206883.2_utr5_18_0_chr7_103443083_r_Ref_1",104.760246037783,0
"5M_1_7_chr7_103989356_103989362_NM_005045.3(RELN):c.-6_-1delGGCGGC_NM_005045.3_utr5_64_0_chr7_103989357_r_Mut_1",32.2422103261837,0
"5M_1_7_chr7_103989384_103989385_NM_005045.3(RELN):c.-29C|T_NM_005045.3_utr5_64_0_chr7_103989357_r_Mut_1",33.636342861865,0
"5M_1_7_chr7_103989390_103989391_NM_005045.3(RELN):c.-35G|C_NM_005045.3_utr5_64_0_chr7_103989357_r_Mut_1",35.2482273234763,0
"5M_1_7_chr7_107564268_107564270_NM_006348.3(COG5):c.-281_-280delCT_NM_006348.3_utr5_21_0_chr7_107563990_r_Ref_1",28.6945029299669,0
"5M_1_7_chr7_107564355_107564356_NM_006348.3(COG5):c.-367C|G_NM_006348.3_utr5_21_0_chr7_107563990_r_Mut_1",23.2761587644905,1
"5M_1_7_chr7_107564355_107564356_NM_006348.3(COG5):c.-367C|G_NM_006348.3_utr5_21_0_chr7_107563990_r_Ref_1",17.9306315534924,1
"5M_1_7_chr7_120857850_120857851_NM_012338.3(TSPAN12):c.-102G|A_NM_012338.3_utr5_7_0_chr7_120857820_r_Mut_1",33.9160579222498,0
"5M_1_7_chr7_120857850_120857851_NM_012338.3(TSPAN12):c.-102G|A_NM_012338.3_utr5_7_0_chr7_120857820_r_Ref_1",21.6958770437612,0
"5M_1_7_chr7_120857962_120857963_NM_012338.3(TSPAN12):c.-214G|A_NM_012338.3_utr5_7_0_chr7_120857820_r_Ref_1",93.2997128526824,1
"5M_1_7_chr7_120857993_120857994_NM_012338.3(TSPAN12):c.-245dupT_NM_012338.3_utr5_7_0_chr7_120857820_r_Mut_1",50.8538215470425,1
"5M_1_7_chr7_120857993_120857994_NM_012338.3(TSPAN12):c.-245dupT_NM_012338.3_utr5_7_0_chr7_120857820_r_Ref_1",72.7786991601753,1
"5M_1_7_chr7_120857994_120857995_NM_012338.3(TSPAN12):c.-246T|G_NM_012338.3_utr5_7_0_chr7_120857820_r_Ref_1",162.425455553021,1
"5M_1_7_chr7_120857999_120858000_NM_012338.3(TSPAN12):c.-251delT_NM_012338.3_utr5_7_0_chr7_120857820_r_Mut_1",67.5945321508428,1
"5M_1_7_chr7_120857999_120858000_NM_012338.3(TSPAN12):c.-251delT_NM_012338.3_utr5_7_0_chr7_120857820_r_Ref_2",138.757894320012,1
"5M_1_7_chr7_127615581_127615582_NM_006193.2(PAX4):c.-62G|A_NM_006193.2_utr5_8_0_chr7_127615521_r_Ref_1",98.1467880474301,0
"5M_1_7_chr7_127615712_127615713_NM_006193.2(PAX4):c.-193G|A_NM_006193.2_utr5_8_0_chr7_127615521_r_Mut_1",38.3866381143308,0
"5M_1_7_chr7_129774909_129774910_NR_029615.1(MIR183):n.105C|A_ENST00000384958.1_utr5_0_0_chr7_129774905_r_Mut_1",115.462783808118,0
"5M_1_7_chr7_138798048_138798049_NM_020632.2(ATP6V0A4):c.-136C|T_NM_020632.2_utr5_21_0_chr7_138798034_r_Mut_1",206.972782963545,0
"5M_1_7_chr7_138798048_138798049_NM_020632.2(ATP6V0A4):c.-136C|T_NM_020632.2_utr5_21_0_chr7_138798034_r_Ref_1",57.8020862243916,0
"5M_1_7_chr7_138798118_138798119_NM_020632.2(ATP6V0A4):c.-206G|A_NM_020632.2_utr5_21_0_chr7_138798034_r_Mut_1",17.6684266513635,0
"5M_1_7_chr7_138798118_138798119_NM_020632.2(ATP6V0A4):c.-206G|A_NM_020632.2_utr5_21_0_chr7_138798034_r_Ref_1",71.4100505325528,0
"5M_1_7_chr7_138798160_138798161_NM_020632.2(ATP6V0A4):c.-248G|A_NM_020632.2_utr5_21_0_chr7_138798034_r_Mut_1",51.109208182073,0
"5M_1_7_chr7_138798160_138798161_NM_020632.2(ATP6V0A4):c.-248G|A_NM_020632.2_utr5_21_0_chr7_138798034_r_Ref_2",38.807036172278,0
"5M_1_7_chr7_151876635_151876636_NM_016203.3(PRKAG2):c.-16A|G_NM_016203.3_utr5_15_0_chr7_151876621_r_Mut_1",11.7512217151467,0
"5M_1_7_chr7_151876635_151876636_NM_016203.3(PRKAG2):c.-16A|G_NM_016203.3_utr5_15_0_chr7_151876621_r_Ref_2",46.1344071876789,0
"5M_1_7_chr7_151876868_151876869_NM_016203.3(PRKAG2):c.-249G|C_NM_016203.3_utr5_15_0_chr7_151876621_r_Mut_1",44.5932289613742,0
"5M_1_7_chr7_151876868_151876869_NM_016203.3(PRKAG2):c.-249G|C_NM_016203.3_utr5_15_0_chr7_151876621_r_Ref_1",81.0885786363188,0
"5M_1_7_chr7_151876881_151876882_NM_016203.3(PRKAG2):c.-262C|T_NM_016203.3_utr5_15_0_chr7_151876621_r_Mut_1",40.526318964808,0
"5M_1_7_chr7_151876893_151876894_NM_016203.3(PRKAG2):c.-274C|A_NM_016203.3_utr5_15_0_chr7_151876621_r_Mut_1",26.7975155228946,1
"5M_1_7_chr7_151876893_151876894_NM_016203.3(PRKAG2):c.-274C|A_NM_016203.3_utr5_15_0_chr7_151876621_r_Ref_1",32.2169474781632,1
"5M_1_7_chr7_151877016_151877017_NM_016203.3(PRKAG2):c.-397G|C_NM_016203.3_utr5_15_0_chr7_151876621_r_Mut_1",48.459065101215,1
"5M_1_7_chr7_151877136_151877137_NM_016203.3(PRKAG2):c.-517G|T_NM_016203.3_utr5_15_0_chr7_151876621_r_Mut_1",27.2238006454684,1
"5M_1_7_chr7_151877136_151877137_NM_016203.3(PRKAG2):c.-517G|T_NM_016203.3_utr5_15_0_chr7_151876621_r_Ref_1",53.1657961352467,1
"5M_1_7_chr7_151877139_151877140_NM_016203.3(PRKAG2):c.-520C|T_NM_016203.3_utr5_15_0_chr7_151876621_r_Mut_1",127.327112296584,1
"5M_1_7_chr7_151877139_151877140_NM_016203.3(PRKAG2):c.-520C|T_NM_016203.3_utr5_15_0_chr7_151876621_r_Ref_1",36.1990180098057,1
"5M_1_7_chr7_151877199_151877200_NM_016203.3(PRKAG2):c.-580C|T_NM_016203.3_utr5_15_0_chr7_151876621_r_Mut_1",119.337169858893,0
"5M_1_7_chr7_23014097_23014098_NM_032581.3(FAM126A):c.-202C|T_NM_032581.3_utr5_10_0_chr7_23013925_r_Ref_1",42.0049416672109,0
"5M_1_7_chr7_24757921_24757922_NM_004403.2(GSDME):c.-235C|T_NM_004403.2_utr5_9_0_chr7_24757707_r_Mut_1",22.8309289900718,0
"5M_1_7_chr7_24757921_24757922_NM_004403.2(GSDME):c.-235C|T_NM_004403.2_utr5_9_0_chr7_24757707_r_Ref_1",47.4202678633922,0
"5M_1_7_chr7_24758015_24758016_NM_004403.2(GSDME):c.-329G|A_NM_004403.2_utr5_9_0_chr7_24757707_r_Mut_1",20.4560001867296,0
"5M_1_7_chr7_24758015_24758016_NM_004403.2(GSDME):c.-329G|A_NM_004403.2_utr5_9_0_chr7_24757707_r_Ref_1",16.4346015938147,0
"5M_1_7_chr7_25125270_25125271_NM_018947.5(CYCS):c.-80T|C_NM_018947.5_utr5_2_0_chr7_25125200_r_Mut_1",124.736265328846,1
"5M_1_7_chr7_25125270_25125271_NM_018947.5(CYCS):c.-80T|C_NM_018947.5_utr5_2_0_chr7_25125200_r_Ref_1",20.0118723715209,1
"5M_1_7_chr7_25125338_25125339_NM_018947.5(CYCS):c.-148G|A_NM_018947.5_utr5_2_0_chr7_25125200_r_Mut_1",135.658793105948,1
"5M_1_7_chr7_25125338_25125339_NM_018947.5(CYCS):c.-148G|A_NM_018947.5_utr5_2_0_chr7_25125200_r_Ref_2",33.912813019,1
"5M_1_7_chr7_27102556_27102557_NM_006735.3(HOXA2):c.-57C|T_NM_006735.3_utr5_1_0_chr7_27102501_r_Mut_1",25.9264071366034,1
"5M_1_7_chr7_27102557_27102558_NM_006735.3(HOXA2):c.-58C|G_NM_006735.3_utr5_1_0_chr7_27102501_r_Mut_1",12.5874780374918,1
"5M_1_7_chr7_27102557_27102558_NM_006735.3(HOXA2):c.-58C|G_NM_006735.3_utr5_1_0_chr7_27102501_r_Ref_2",35.1199233718685,1
"5M_1_7_chr7_35254136_35254137_NM_001077653.2(TBX20):c.-517C|T_ENST00000408931.3_utr5_7_0_chr7_35253621_r_Ref_1",38.1928106787642,0
"5M_1_7_chr7_44188957_44188958_NM_000162.4(GCK):c.-5T|C_NM_000162.3_utr5_9_0_chr7_44188954_r_Mut_1",58.4122658582285,0
"5M_1_7_chr7_44188957_44188958_NM_000162.4(GCK):c.-5T|C_NM_000162.3_utr5_9_0_chr7_44188954_r_Ref_2",90.4466977438517,0
"5M_1_7_chr7_44189087_44189088_NM_000162.4(GCK):c.-135G|A_NM_000162.3_utr5_9_0_chr7_44188954_r_Mut_1",29.6774650699914,0
"5M_1_7_chr7_44189087_44189088_NM_000162.4(GCK):c.-135G|A_NM_000162.3_utr5_9_0_chr7_44188954_r_Ref_1",32.5968603788629,0
"5M_1_7_chr7_55181287_55181299_NM_005228.4(EGFR):c.2284-5_2290del_ENST00000442411.1_utr5_0_0_chr7_55179750_r_Mut_1",35.2783895854502,0
"5M_1_7_chr7_55181287_55181299_NM_005228.4(EGFR):c.2284-5_2290del_ENST00000442411.1_utr5_0_0_chr7_55179750_r_Ref_2",27.9193935555332,0
"5M_1_7_chr7_56051202_56051203_NM_004577.3(PSPH):c.-357C|T_NM_004577.3_utr5_7_0_chr7_56051138_r_Mut_1",72.5156390070894,0
"5M_1_7_chr7_56051202_56051203_NM_004577.3(PSPH):c.-357C|T_NM_004577.3_utr5_7_0_chr7_56051138_r_Ref_1",81.361378600054,0
"5M_1_7_chr7_56051275_56051276_NM_004577.3(PSPH):c.-430T|G_NM_004577.3_utr5_7_0_chr7_56051138_r_Mut_1",93.7896976412436,0
"5M_1_7_chr7_56051275_56051276_NM_004577.3(PSPH):c.-430T|G_NM_004577.3_utr5_7_0_chr7_56051138_r_Ref_1",57.2296094441684,0
"5M_1_7_chr7_56051306_56051307_NM_004577.3(PSPH):c.-461A|G_NM_004577.3_utr5_7_0_chr7_56051138_r_Ref_1",71.1607982102554,0
"5M_1_7_chr7_56051526_56051527_NM_004577.3(PSPH):c.-681A|C_NM_004577.3_utr5_7_0_chr7_56051138_r_Mut_1",51.0535594354211,0
"5M_1_7_chr7_56051553_56051554_NM_004577.3(PSPH):c.-708C|G_NM_004577.3_utr5_7_0_chr7_56051138_r_Ref_7",56.2872907908476,0
"5M_1_7_chr7_56051565_56051566_NM_004577.3(PSPH):c.-720G|T_NM_004577.3_utr5_7_0_chr7_56051138_r_Mut_1",72.4241918350795,0
"5M_1_7_chr7_6009031_6009032_NM_000535.6(PMS2):c.-13G|C_NM_001322011.1_utr5_14_0_chr7_6008997_r_Mut_1",94.8762725417199,0
"5M_1_7_chr7_6009031_6009032_NM_000535.6(PMS2):c.-13G|C_NM_001322011.1_utr5_14_0_chr7_6008997_r_Ref_4",204.615204482614,0
"5M_1_7_chr7_6009095_6009096_NM_000535.6(PMS2):c.-77delA_NM_001322011.1_utr5_14_0_chr7_6008997_r_Mut_1",115.221149322998,0
"5M_1_7_chr7_6009119_6009120_NM_000535.6(PMS2):c.-101A|G_ENST00000265849.11_utr5_14_0_chr7_6009020_r_Mut_1",156.970485133451,0
"5M_1_7_chr7_6009119_6009120_NM_000535.6(PMS2):c.-101A|G_ENST00000265849.11_utr5_14_0_chr7_6009020_r_Ref_1",384.555001732804,0
"5M_1_7_chr7_65982201_65982202_NM_000181.3(GUSB):c.-19G|C_NM_001293104.1_utr5_10_0_chr7_65981974_r_Mut_1",27.1772552177705,1
"5M_1_7_chr7_65982201_65982202_NM_000181.3(GUSB):c.-19G|C_NM_001293104.1_utr5_10_0_chr7_65981974_r_Ref_1",20.9146017332694,1
"5M_1_7_chr7_81770014_81770015_NM_000601.5(HGF):c.-44A|G_NM_000601.5_utr5_17_0_chr7_81769972_r_Mut_1",32.2709538643251,1
"5M_1_7_chr7_81770014_81770015_NM_000601.5(HGF):c.-44A|G_NM_000601.5_utr5_17_0_chr7_81769972_r_Ref_2",16.4954486736712,1
"5M_1_7_chr7_92200284_92200285_NM_194456.1(KRIT1):c.*451T|C_ENST00000414227.1_utr5_0_0_chr7_92200014_r_Ref_1",16.3239704040105,1
"5M_1_7_chr7_92200374_92200375_NM_194456.1(KRIT1):c.*361C|G_ENST00000414227.1_utr5_0_0_chr7_92200014_r_Mut_1",15.8698372948139,0
"5M_1_7_chr7_92200374_92200375_NM_194456.1(KRIT1):c.*361C|G_ENST00000414227.1_utr5_0_0_chr7_92200014_r_Ref_1",44.210439948583,0
"5M_1_7_chr7_92245062_92245063_NM_194456.1(KRIT1):c.-312A|G_NM_004912.3_utr5_17_0_chr7_92244902_r_Mut_1",87.7112281648199,1
"5M_1_7_chr7_92245062_92245063_NM_194456.1(KRIT1):c.-312A|G_NM_004912.3_utr5_17_0_chr7_92244902_r_Ref_1",25.651276737441,1
"5M_1_7_chr7_92245897_92245898_NM_194456.1(KRIT1):c.-590+8C|T_NM_194455.1_utr5_18_0_chr7_92245465_r_Mut_1",36.340609785557,0
"5M_1_7_chr7_92245943_92245944_NM_194456.1(KRIT1):c.-628T|A_NM_194455.1_utr5_18_0_chr7_92245465_r_Mut_1",142.303732343159,0
"5M_1_7_chr7_92245943_92245944_NM_194456.1(KRIT1):c.-628T|A_NM_194455.1_utr5_18_0_chr7_92245465_r_Ref_1",34.3048036400863,0
"5M_1_7_chr7_92528453_92528454_NM_000466.2(PEX1):c.-19A|G_NM_001282678.1_utr5_23_0_chr7_92528307_r_Mut_1",49.4136678848874,0
"5M_1_7_chr7_92528453_92528454_NM_000466.2(PEX1):c.-19A|G_NM_001282678.1_utr5_23_0_chr7_92528307_r_Ref_1",67.5863513686477,0
"5M_1_7_chr7_92528477_92528478_NM_000466.2(PEX1):c.-43T|G_NM_001282678.1_utr5_23_0_chr7_92528307_r_Mut_1",35.7915855861125,0
"5M_1_7_chr7_92528479_92528480_NM_000466.2(PEX1):c.-45T|C_NM_001282678.1_utr5_23_0_chr7_92528307_r_Mut_1",42.179933886004,0
"5M_1_7_chr7_92528508_92528509_NM_000466.2(PEX1):c.-74A|G_NM_001282678.1_utr5_23_0_chr7_92528307_r_Mut_1",79.2280217444237,0
"5M_1_7_chr7_92528508_92528509_NM_000466.2(PEX1):c.-74A|G_NM_001282678.1_utr5_23_0_chr7_92528307_r_Ref_3",56.6595559782179,0
"5M_1_7_chr7_96322070_96322071_NM_014251.2(SLC25A13):c.-115G|T_NM_001160210.1_utr5_17_0_chr7_96321957_r_Mut_1",240.851322674414,0
"5M_1_7_chr8_102238613_102238614_NM_015713.4(RRM2B):c.48+213C|T_ENST00000621845.1_utr5_10_0_chr8_102238559_r_Mut_1",102.033876922678,1
"5M_1_7_chr8_102238613_102238614_NM_015713.4(RRM2B):c.48+213C|T_ENST00000621845.1_utr5_10_0_chr8_102238559_r_Ref_1",93.5788596393488,1
"5M_1_7_chr8_115668579_115668580_NM_014112.4(TRPS1):c.-157G|C_NM_014112.4_utr5_6_0_chr8_115668545_r_Mut_1",31.7237583722654,0
"5M_1_7_chr8_115668717_115668719_NM_014112.4(TRPS1):c.-296_-295dupCT_NM_014112.4_utr5_6_0_chr8_115668545_r_Mut_1",30.8828332582592,1
"5M_1_7_chr8_115668717_115668719_NM_014112.4(TRPS1):c.-296_-295dupCT_NM_014112.4_utr5_6_0_chr8_115668545_r_Ref_1",22.5108109075058,1
"5M_1_7_chr8_115668804_115668805_NM_014112.4(TRPS1):c.-382delA_NM_014112.4_utr5_6_0_chr8_115668545_r_Mut_1",97.8907962076679,1
"5M_1_7_chr8_118111102_118111103_NM_000127.2(EXT1):c.-57G|C_NM_000127.2_utr5_10_0_chr8_118111047_r_Mut_1",46.3534884963558,1
"5M_1_7_chr8_118111102_118111103_NM_000127.2(EXT1):c.-57G|C_NM_000127.2_utr5_10_0_chr8_118111047_r_Ref_1",43.6702182740269,1
"5M_1_7_chr8_118111174_118111175_NM_000127.2(EXT1):c.-129A|G_NM_000127.2_utr5_10_0_chr8_118111047_r_Mut_1",45.4085008407423,1
"5M_1_7_chr8_118111174_118111175_NM_000127.2(EXT1):c.-129A|G_NM_000127.2_utr5_10_0_chr8_118111047_r_Ref_1",27.6353131939907,1
"5M_1_7_chr8_118111184_118111185_NM_000127.2(EXT1):c.-139A|G_NM_000127.2_utr5_10_0_chr8_118111047_r_Mut_1",84.2911413922544,1
"5M_1_7_chr8_118111184_118111185_NM_000127.2(EXT1):c.-139A|G_NM_000127.2_utr5_10_0_chr8_118111047_r_Ref_1",39.4775866528997,1
"5M_1_7_chr8_118952104_118952105_NM_002546.3(TNFRSF11B):c.-284C|T_NM_002546.3_utr5_4_0_chr8_118951822_r_Mut_1",37.8488619425644,1
"5M_1_7_chr8_118952131_118952132_NM_002546.3(TNFRSF11B):c.-311G|T_NM_002546.3_utr5_4_0_chr8_118951822_r_Mut_1",37.8929162822336,1
"5M_1_7_chr8_118952131_118952132_NM_002546.3(TNFRSF11B):c.-311G|T_NM_002546.3_utr5_4_0_chr8_118951822_r_Ref_2",23.3540048989332,1
"5M_1_7_chr8_133297178_133297179_NM_006096.3(NDRG1):c.-64G|A_NM_001135242.1_utr5_15_0_chr8_133296737_r_Mut_1",100.448621250436,0
"5M_1_7_chr8_133297178_133297179_NM_006096.3(NDRG1):c.-64G|A_NM_001135242.1_utr5_15_0_chr8_133296737_r_Ref_1",21.9589160061306,0
"5M_1_7_chr8_144476035_144476036_NM_003923.2(FOXH1):c.-280G|A_NM_003923.2_utr5_2_0_chr8_144475757_r_Mut_1",19.114917389314,0
"5M_1_7_chr8_144476035_144476036_NM_003923.2(FOXH1):c.-280G|A_NM_003923.2_utr5_2_0_chr8_144475757_r_Ref_1",20.0523271918499,0
"5M_1_7_chr8_18084158_18084159_NM_177924.4(ASAH1):c.-101G|A_NM_177924.4_utr5_13_0_chr8_18084059_r_Mut_1",114.656230684175,0
"5M_1_7_chr8_18084161_18084162_NM_177924.4(ASAH1):c.-104C|G_NM_177924.4_utr5_13_0_chr8_18084059_r_Mut_1",78.8127801571867,0
"5M_1_7_chr8_18084161_18084162_NM_177924.4(ASAH1):c.-104C|G_NM_177924.4_utr5_13_0_chr8_18084059_r_Ref_1",91.4268515659845,0
"5M_1_7_chr8_18084232_18084233_NM_177924.4(ASAH1):c.-175A|T_NM_177924.4_utr5_13_0_chr8_18084059_r_Mut_1",47.5908081378987,0
"5M_1_7_chr8_18084232_18084233_NM_177924.4(ASAH1):c.-175A|T_NM_177924.4_utr5_13_0_chr8_18084059_r_Ref_1",58.2353200076085,0
"5M_1_7_chr8_18084304_18084305_NM_177924.4(ASAH1):c.-247C|G_NM_177924.4_utr5_13_0_chr8_18084059_r_Mut_1",54.5580416618151,0
"5M_1_7_chr8_24956556_24956559_NM_006158.4(NEFL):c.-44_-42delGGCinsATG_NM_006158.4_utr5_3_0_chr8_24956516_r_Ref_1",15.7393969511926,0
"5M_1_7_chr8_25423440_25423441_NM_000825.3(GNRH1):c.-99A|G_NM_000825.3_utr5_2_0_chr8_25423343_r_Mut_1",75.5899468281974,1
"5M_1_7_chr8_25423440_25423441_NM_000825.3(GNRH1):c.-99A|G_NM_000825.3_utr5_2_0_chr8_25423343_r_Ref_1",125.851387154185,1
"5M_1_7_chr8_25423478_25423479_NM_000825.3(GNRH1):c.-137G|A_NM_000825.3_utr5_2_0_chr8_25423343_r_Mut_1",48.254407503197,1
"5M_1_7_chr8_25423478_25423479_NM_000825.3(GNRH1):c.-137G|A_NM_000825.3_utr5_2_0_chr8_25423343_r_Ref_1",38.3419827300429,1
"5M_1_7_chr8_25424006_25424007_NM_000825.3(GNRH1):c.-665C|A_NM_000825.3_utr5_2_0_chr8_25423343_r_Mut_1",34.7130966357994,1
"5M_1_7_chr8_25424006_25424007_NM_000825.3(GNRH1):c.-665C|A_NM_000825.3_utr5_2_0_chr8_25423343_r_Ref_1",11.2849345968526,1
"5M_1_7_chr8_25424195_25424196_NM_000825.3(GNRH1):c.-854A|C_NM_000825.3_utr5_2_0_chr8_25423343_r_Mut_1",23.7838400699273,1
"5M_1_7_chr8_25424195_25424196_NM_000825.3(GNRH1):c.-854A|C_NM_000825.3_utr5_2_0_chr8_25423343_r_Ref_1",34.1041387270809,1
"5M_1_7_chr8_27471084_27471085_NM_000742.3(CHRNA2):c.-27C|A_NM_000742.3_utr5_5_0_chr8_27471059_r_Ref_1",18.2838070026608,0
"5M_1_7_chr8_27479223_27479224_NM_000742.3(CHRNA2):c.-537C|T_NM_000742.3_utr5_6_0_chr8_27478824_r_Mut_1",235.546762639047,0
"5M_1_7_chr8_27479223_27479224_NM_000742.3(CHRNA2):c.-537C|T_NM_000742.3_utr5_6_0_chr8_27478824_r_Ref_1",70.1453093999921,0
"5M_1_7_chr8_27479230_27479231_NM_000742.3(CHRNA2):c.-544C|T_NM_000742.3_utr5_6_0_chr8_27478824_r_Ref_1",178.537130478206,0
"5M_1_7_chr8_27479235_27479237_NM_000742.3(CHRNA2):c.-550_-549dupGA_NM_000742.3_utr5_6_0_chr8_27478824_r_Mut_1",57.5318567456536,0
"5M_1_7_chr8_27479235_27479237_NM_000742.3(CHRNA2):c.-550_-549dupGA_NM_000742.3_utr5_6_0_chr8_27478824_r_Ref_1",50.0613817396147,0
"5M_1_7_chr8_27479261_27479265_NM_000742.3(CHRNA2):c.-578_-575delATGT_NM_000742.3_utr5_6_0_chr8_27478824_r_Mut_1",172.214337866539,0
"5M_1_7_chr8_27479264_27479265_NM_000742.3(CHRNA2):c.-578A|G_NM_000742.3_utr5_6_0_chr8_27478824_r_Mut_1",203.935736148582,0
"5M_1_7_chr8_27479264_27479265_NM_000742.3(CHRNA2):c.-578A|G_NM_000742.3_utr5_6_0_chr8_27478824_r_Ref_2",53.7025548307136,0
"5M_1_7_chr8_27479265_27479267_NM_000742.3(CHRNA2):c.-580_-579delGT_NM_000742.3_utr5_6_0_chr8_27478824_r_Mut_1",127.438462714159,0
"5M_1_7_chr8_27479265_27479267_NM_000742.3(CHRNA2):c.-580_-579delGT_NM_000742.3_utr5_6_0_chr8_27478824_r_Ref_3",297.632431074307,0
"5M_1_7_chr8_27479265_27479267_NM_000742.3(CHRNA2):c.-580_-579dupGT_NM_000742.3_utr5_6_0_chr8_27478824_r_Mut_1",56.5745101413622,0
"5M_1_7_chr8_27479265_27479269_NM_000742.3(CHRNA2):c.-582_-579dupGTGT_NM_000742.3_utr5_6_0_chr8_27478824_r_Mut_1",42.8848701544946,0
"5M_1_7_chr8_27479265_27479269_NM_000742.3(CHRNA2):c.-582_-579dupGTGT_NM_000742.3_utr5_6_0_chr8_27478824_r_Ref_2",87.7445310072075,0
"5M_1_7_chr8_27479265_27479271_NM_000742.3(CHRNA2):c.-584_-579dupGTGTGT_NM_000742.3_utr5_6_0_chr8_27478824_r_Mut_1",61.4444534173078,0
"5M_1_7_chr8_27479265_27479271_NM_000742.3(CHRNA2):c.-584_-579dupGTGTGT_NM_000742.3_utr5_6_0_chr8_27478824_r_Ref_2",78.8200459765877,0
"5M_1_7_chr8_31033444_31033445_NM_000553.4(WRN):c.-605C|A_NM_001015508.2_utr5_1_0_chr8_31032783_r_Ref_1",30.2793404928192,0
"5M_1_7_chr8_31033530_31033531_NM_000553.4(WRN):c.-519C|A_NM_001015508.2_utr5_1_0_chr8_31032783_r_Mut_1",58.2810656786053,0
"5M_1_7_chr8_31033530_31033531_NM_000553.4(WRN):c.-519C|A_NM_001015508.2_utr5_1_0_chr8_31032783_r_Ref_1",25.7506537881827,0
"5M_1_7_chr8_38150887_38150888_NM_000349.2(STAR):c.-70G|T_NM_000349.2_utr5_6_0_chr8_38150819_r_Mut_1",35.3688342122865,0
"5M_1_7_chr8_42541991_42541992_NM_006749.4(SLC20A2):c.-436C|T_NM_006749.4_utr5_10_0_chr8_42541821_r_Ref_1",40.562755385594,0
"5M_1_7_chr8_42542012_42542013_NM_006749.4(SLC20A2):c.-457G|T_NM_006749.4_utr5_10_0_chr8_42541821_r_Mut_1",32.2026492640569,0
"5M_1_7_chr8_42542012_42542013_NM_006749.4(SLC20A2):c.-457G|T_NM_006749.4_utr5_10_0_chr8_42541821_r_Ref_1",60.5378010272526,0
"5M_1_7_chr8_42843108_42843109_NM_018105.2(THAP1):c.-15C|T_NM_018105.2_utr5_2_0_chr8_42843095_r_Mut_1",104.062428124337,0
"5M_1_7_chr8_42843108_42843109_NM_018105.2(THAP1):c.-15C|T_NM_018105.2_utr5_2_0_chr8_42843095_r_Ref_2",55.0729932444168,0
"5M_1_7_chr8_42843262_42843263_NM_018105.2(THAP1):c.-169C|G_NM_018105.2_utr5_2_0_chr8_42843095_r_Mut_1",25.6540092370549,0
"5M_1_7_chr8_42843262_42843263_NM_018105.2(THAP1):c.-169C|G_NM_018105.2_utr5_2_0_chr8_42843095_r_Ref_1",44.7743657285491,0
"5M_1_7_chr8_48921277_48921278_NM_003068.4(SNAI2):c.-13A|T_NM_003068.4_utr5_2_0_chr8_48921266_r_Ref_3",63.2396406654034,0
"5M_1_7_chr8_48921341_48921342_NM_003068.4(SNAI2):c.-77C|A_NM_003068.4_utr5_2_0_chr8_48921266_r_Mut_1",40.2585757901903,0
"5M_1_7_chr8_48921366_48921367_NM_003068.4(SNAI2):c.-102C|A_NM_003068.4_utr5_2_0_chr8_48921266_r_Ref_1",43.0180595831829,0
"5M_1_7_chr8_56993836_56993837_NM_017813.4(IMPAD1):c.-252G|C_NM_017813.4_utr5_4_0_chr8_56993586_r_Ref_3",90.0020548915877,0
"5M_1_7_chr8_56993858_56993859_NM_017813.4(IMPAD1):c.-274G|C_NM_017813.4_utr5_4_0_chr8_56993586_r_Mut_1",52.9612569290621,0
"5M_1_7_chr8_64798597_64798598_NM_004820.4(CYP7B1):c.-11G|A_NM_004820.3_utr5_5_0_chr8_64798588_r_Mut_1",72.3661225149539,0
"5M_1_7_chr8_67746204_67746205_NM_020361.4(CPA6):c.-76T|G_NM_020361.4_utr5_10_0_chr8_67746130_r_Mut_1",31.2218456741457,1
"5M_1_7_chr8_67746204_67746205_NM_020361.4(CPA6):c.-76T|G_NM_020361.4_utr5_10_0_chr8_67746130_r_Ref_1",32.0874921624407,1
"5M_1_7_chr8_67746288_67746289_NM_020361.4(CPA6):c.-160delT_NM_020361.4_utr5_10_0_chr8_67746130_r_Mut_1",38.4489617563971,1
"5M_1_7_chr8_67746288_67746289_NM_020361.4(CPA6):c.-160delT_NM_020361.4_utr5_10_0_chr8_67746130_r_Ref_1",34.7415646363036,1
"5M_1_7_chr8_71356503_71356504_NM_000503.5(EYA1):c.-47C|A_NM_172058.3_utr5_16_0_chr8_71356462_r_Mut_1",21.083597346131,1
"5M_1_7_chr8_71356503_71356504_NM_000503.5(EYA1):c.-47C|A_NM_172058.3_utr5_16_0_chr8_71356462_r_Ref_2",99.9774259368907,1
"5M_1_7_chr8_71361666_71361667_NM_000503.5(EYA1):c.-75G|C_NM_000503.5_utr5_17_0_chr8_71361647_r_Mut_1",25.027516159483,1
"5M_1_7_chr8_71362020_71362021_NM_000503.5(EYA1):c.-429G|A_NM_000503.5_utr5_17_0_chr8_71361647_r_Mut_1",100.577097697106,1
"5M_1_7_chr8_71362020_71362021_NM_000503.5(EYA1):c.-429G|A_NM_000503.5_utr5_17_0_chr8_71361647_r_Ref_1",66.0321154995386,1
"5M_1_7_chr8_71362153_71362155_NM_000503.5(EYA1):c.-563_-562delGA_NM_000503.5_utr5_17_0_chr8_71361647_r_Mut_1",90.6468112831284,1
"5M_1_7_chr8_71362153_71362155_NM_000503.5(EYA1):c.-563_-562delGA_NM_000503.5_utr5_17_0_chr8_71361647_r_Ref_1",56.9581730313444,1
"5M_1_7_chr8_71362181_71362182_NM_000503.5(EYA1):c.-590C|A_NM_000503.5_utr5_17_0_chr8_71361647_r_Mut_1",189.824347151651,1
"5M_1_7_chr8_71362181_71362182_NM_000503.5(EYA1):c.-590C|A_NM_000503.5_utr5_17_0_chr8_71361647_r_Ref_2",72.9381397430212,1
"5M_1_7_chr8_77000007_77000008_NM_000318.2(PEX2):c.-178C|T_NM_000318.2_utr5_3_0_chr8_76999990_r_Mut_1",38.3616702396437,0
"5M_1_7_chr8_77000007_77000008_NM_000318.2(PEX2):c.-178C|T_NM_000318.2_utr5_3_0_chr8_76999990_r_Ref_2",42.8468375169353,0
"5M_1_7_chr8_77000107_77000108_NM_000318.2(PEX2):c.-278C|G_NM_000318.2_utr5_3_0_chr8_76999990_r_Ref_1",62.3108989126992,1
"5M_1_7_chr9_101384977_101384978_NM_001701.3(BAAT):c.-183T|A_NM_001701.3_utr5_3_0_chr9_101384855_r_Mut_1",46.7552699712568,1
"5M_1_7_chr9_101385002_101385003_NM_001701.3(BAAT):c.-208C|T_NM_001701.3_utr5_3_0_chr9_101384855_r_Mut_1",20.7631385040844,1
"5M_1_7_chr9_101385002_101385003_NM_001701.3(BAAT):c.-208C|T_NM_001701.3_utr5_3_0_chr9_101384855_r_Ref_3",29.6741361450026,1
"5M_1_7_chr9_104928184_104928185_NM_005502.3(ABCA1):c.-343A|C_NM_005502.3_utr5_49_0_chr9_104927935_r_Mut_1",10.8830241407853,0
"5M_1_7_chr9_104928184_104928185_NM_005502.3(ABCA1):c.-343A|C_NM_005502.3_utr5_49_0_chr9_104927935_r_Ref_1",17.083426618576,0
"5M_1_7_chr9_108933963_108933964_NM_003640.4(ELP1):c.-156G|A_NM_003640.4_utr5_36_0_chr9_108933864_r_Ref_1",291.902622698845,0
"5M_1_7_chr9_108934049_108934050_NM_003640.4(ELP1):c.-242T|G_NM_003640.4_utr5_36_0_chr9_108933864_r_Mut_1",64.4049164206522,1
"5M_1_7_chr9_108934049_108934050_NM_003640.4(ELP1):c.-242T|G_NM_003640.4_utr5_36_0_chr9_108933864_r_Ref_1",148.537831167188,0
"5M_1_7_chr9_108934210_108934211_NM_003640.4(ELP1):c.-403C|T_NM_003640.4_utr5_36_0_chr9_108933864_r_Mut_1",31.6524542443042,0
"5M_1_7_chr9_108934210_108934211_NM_003640.4(ELP1):c.-403C|T_NM_003640.4_utr5_36_0_chr9_108933864_r_Ref_1",21.5983387407158,0
"5M_1_7_chr9_114504823_114504824_NM_015404.3(WHRN):c.-23C|G_NM_015404.3_utr5_11_0_chr9_114504802_r_Mut_1",48.3902959780208,0
"5M_1_7_chr9_114505069_114505070_NM_015404.3(WHRN):c.-269C|A_NM_015404.3_utr5_11_0_chr9_114504802_r_Mut_1",15.8511728864182,0
"5M_1_7_chr9_114505069_114505070_NM_015404.3(WHRN):c.-269C|A_NM_015404.3_utr5_11_0_chr9_114504802_r_Ref_1",26.584707809279,0
"5M_1_7_chr9_120580149_120580150_NM_018249.5(CDK5RAP2):c.-172C|T_NM_018249.5_utr5_37_0_chr9_120579979_r_Mut_1",125.878427668509,1
"5M_1_7_chr9_120580149_120580150_NM_018249.5(CDK5RAP2):c.-172C|T_NM_018249.5_utr5_37_0_chr9_120579979_r_Ref_5",165.797853409843,1
"5M_1_7_chr9_127690763_127690764_NM_003165.3(STXBP1):c.*17-11G|A_ENST00000624141.1_utr5_0_0_chr9_127690098_r_Mut_1",16.8235449837253,0
"5M_1_7_chr9_127690763_127690764_NM_003165.3(STXBP1):c.*17-11G|A_ENST00000624141.1_utr5_0_0_chr9_127690098_r_Ref_1",80.0423802263705,0
"5M_1_7_chr9_127854512_127854513_NM_000118.3(ENG):c.-158C|T_NM_000118.3_utr5_13_0_chr9_127854356_r_Mut_1",54.8300950876324,0
"5M_1_7_chr9_127854512_127854513_NM_000118.3(ENG):c.-158C|T_NM_000118.3_utr5_13_0_chr9_127854356_r_Ref_1",37.9637042445934,0
"5M_1_7_chr9_127854600_127854601_NM_000118.3(ENG):c.-246T|C_NM_000118.3_utr5_13_0_chr9_127854356_r_Mut_1",32.4840308994762,0
"5M_1_7_chr9_127854643_127854644_NM_000118.3(ENG):c.-289A|T_NM_000118.3_utr5_13_0_chr9_127854356_r_Mut_1",70.1034161624628,0
"5M_1_7_chr9_127854643_127854644_NM_000118.3(ENG):c.-289A|T_NM_000118.3_utr5_13_0_chr9_127854356_r_Ref_2",118.408942600724,0
"5M_1_7_chr9_127854693_127854694_NM_000118.3(ENG):c.-339C|T_NM_000118.3_utr5_13_0_chr9_127854356_r_Mut_1",94.13367676842,0
"5M_1_7_chr9_127854693_127854694_NM_000118.3(ENG):c.-339C|T_NM_000118.3_utr5_13_0_chr9_127854356_r_Ref_1",37.6657812350631,0
"5M_1_7_chr9_127854697_127854698_NM_000118.3(ENG):c.-343C|T_NM_000118.3_utr5_13_0_chr9_127854356_r_Mut_1",73.8563611867744,0
"5M_1_7_chr9_127854697_127854698_NM_000118.3(ENG):c.-343C|T_NM_000118.3_utr5_13_0_chr9_127854356_r_Ref_1",106.465097695388,0
"5M_1_7_chr9_127937824_127937825_NM_003863.3(DPM2):c.-5G|A_NM_003863.3_utr5_3_0_chr9_127937821_r_Ref_1",34.9200032994263,0
"5M_1_7_chr9_127937907_127937908_NM_003863.3(DPM2):c.-88C|T_NM_003863.3_utr5_3_0_chr9_127937821_r_Mut_1",94.3254675657318,0
"5M_1_7_chr9_127937907_127937908_NM_003863.3(DPM2):c.-88C|T_NM_003863.3_utr5_3_0_chr9_127937821_r_Ref_1",77.8134166679006,0
"5M_1_7_chr9_127937960_127937961_NM_003863.3(DPM2):c.-141G|A_NM_003863.3_utr5_3_0_chr9_127937821_r_Mut_1",17.1924213869287,0
"5M_1_7_chr9_127937960_127937961_NM_003863.3(DPM2):c.-141G|A_NM_003863.3_utr5_3_0_chr9_127937821_r_Ref_1",17.0833389928476,0
"5M_1_7_chr9_128947396_128947397_NM_014908.3(DOLK):c.-94G|T_NM_014908.3_utr5_0_0_chr9_128947304_r_Ref_1",26.4023828481133,0
"5M_1_7_chr9_128947496_128947497_NM_014908.3(DOLK):c.-194G|T_NM_014908.3_utr5_0_0_chr9_128947304_r_Mut_1",102.198146072237,0
"5M_1_7_chr9_128947496_128947497_NM_014908.3(DOLK):c.-194G|T_NM_014908.3_utr5_0_0_chr9_128947304_r_Ref_1",29.5014327270051,0
"5M_1_7_chr9_128947696_128947697_NM_014908.3(DOLK):c.-394A|G_NM_014908.3_utr5_0_0_chr9_128947304_r_Mut_1",29.0650582007188,0
"5M_1_7_chr9_128947696_128947697_NM_014908.3(DOLK):c.-394A|G_NM_014908.3_utr5_0_0_chr9_128947304_r_Ref_4",41.9382486366119,0
"5M_1_7_chr9_128947713_128947714_NM_014908.3(DOLK):c.-411C|T_NM_014908.3_utr5_0_0_chr9_128947304_r_Mut_1",314.684152286138,0
"5M_1_7_chr9_132353747_132353748_NM_015046.5(SETX):c.-107C|T_NM_015046.5_utr5_24_0_chr9_132353649_r_Mut_1",33.2604670242745,1
"5M_1_7_chr9_132353747_132353748_NM_015046.5(SETX):c.-107C|T_NM_015046.5_utr5_24_0_chr9_132353649_r_Ref_1",33.4223074198421,1
"5M_1_7_chr9_133657232_133657233_NM_000787.3(DBH):c.1722+4C|T_ENST00000425189.1_utr5_1_0_chr9_133657127_r_Mut_1",50.4610535030975,0
"5M_1_7_chr9_133657232_133657233_NM_000787.3(DBH):c.1722+4C|T_ENST00000425189.1_utr5_1_0_chr9_133657127_r_Ref_1",42.3981899759582,0
"5M_1_7_chr9_136373596_136373597_NM_052813.4(CARD9):c.-82C|G_NM_052813.4_utr5_12_0_chr9_136373532_r_Mut_1",225.389966827438,0
"5M_1_7_chr9_136373596_136373597_NM_052813.4(CARD9):c.-82C|G_NM_052813.4_utr5_12_0_chr9_136373532_r_Ref_1",46.377494869731,0
"5M_1_7_chr9_136439657_136439658_NM_019892.5(INPP5E):c.-239C|G_NM_019892.5_utr5_9_0_chr9_136439420_r_Ref_1",119.550653868563,0
"5M_1_7_chr9_136687424_136687425_NM_006412.3(AGPAT2):c.-68C|G_NM_006412.3_utr5_5_0_chr9_136687358_r_Mut_1",56.8646131961938,0
"5M_1_7_chr9_14869125_14869126_NM_144966.5(FREM1):c.-149A|G_NM_144966.5_utr5_35_0_chr9_14868978_r_Mut_1",33.7489037557669,1
"5M_1_7_chr9_14869125_14869126_NM_144966.5(FREM1):c.-149A|G_NM_144966.5_utr5_35_0_chr9_14868978_r_Ref_1",37.2899465682178,1
"5M_1_7_chr9_14869152_14869153_NM_144966.5(FREM1):c.-176A|T_NM_144966.5_utr5_35_0_chr9_14868978_r_Mut_1",22.497038841442,1
"5M_1_7_chr9_14869152_14869153_NM_144966.5(FREM1):c.-176A|T_NM_144966.5_utr5_35_0_chr9_14868978_r_Ref_1",56.0024383884025,1
"5M_1_7_chr9_14910227_14910228_NM_144966.5(FREM1):c.-582G|A_NM_144966.5_utr5_36_0_chr9_14909914_r_Ref_2",59.8855392937353,1
"5M_1_7_chr9_14910232_14910233_NM_144966.5(FREM1):c.-587G|T_NM_144966.5_utr5_36_0_chr9_14909914_r_Mut_1",62.1274673896451,1
"5M_1_7_chr9_21974866_21974867_NM_000077.4(CDKN2A):c.-40C|A_NM_001195132.1_utr5_3_0_chr9_21974828_r_Mut_1",31.913803618466,0
"5M_1_7_chr9_21994363_21994364_NM_058195.3(CDKN2A):c.-33G|A_NM_058195.3_utr5_2_0_chr9_21994332_r_Mut_1",31.8543384096869,0
"5M_1_7_chr9_21994369_21994370_NM_000077.4(CDKN2A):c.-19543G|A_NM_058195.3_utr5_2_0_chr9_21994332_r_Mut_1",20.5375556338522,0
"5M_1_7_chr9_21994369_21994370_NM_000077.4(CDKN2A):c.-19543G|A_NM_058195.3_utr5_2_0_chr9_21994332_r_Ref_4",48.4185187201969,0
"5M_1_7_chr9_2622165_2622165_NM_003383.4(VLDLR):c.-25_-24insATCCAG_ENST00000599229.2_utr5_3_0_chr9_2622100_r_Mut_1",40.6570982576982,0
"5M_1_7_chr9_2622165_2622165_NM_003383.4(VLDLR):c.-25_-24insATCCAG_ENST00000599229.2_utr5_3_0_chr9_2622100_r_Ref_1",216.094168382179,0
"5M_1_7_chr9_27573710_27573711_NM_001256054.2(C9orf72):c.-47G|A_NM_001256054.2_utr5_10_0_chr9_27573709_r_Mut_1",32.3197612516378,0
"5M_1_7_chr9_27573710_27573711_NM_001256054.2(C9orf72):c.-47G|A_NM_001256054.2_utr5_10_0_chr9_27573709_r_Ref_1",42.9004405298222,0
"5M_1_7_chr9_27573836_27573837_NM_001256054.2(C9orf72):c.-173A|G_NM_001256054.2_utr5_10_0_chr9_27573709_r_Mut_1",34.9465887000124,0
"5M_1_7_chr9_27573836_27573837_NM_001256054.2(C9orf72):c.-173A|G_NM_001256054.2_utr5_10_0_chr9_27573709_r_Ref_2",18.1052144045107,0
"5M_1_7_chr9_32552626_32552627_NM_005802.4(TOPORS):c.-191T|C_NM_005802.4_utr5_2_0_chr9_32552437_r_Ref_2",88.6046704662137,1
"5M_1_7_chr9_33167249_33167250_NM_001497.3(B4GALT1):c.-81G|A_NM_001497.3_utr5_5_0_chr9_33167170_r_Mut_1",50.7398061732302,0
"5M_1_7_chr9_33167269_33167270_NM_001497.3(B4GALT1):c.-101C|T_NM_001497.3_utr5_5_0_chr9_33167170_r_Mut_1",37.2583096325872,0
"5M_1_7_chr9_33167280_33167281_NM_001497.3(B4GALT1):c.-112C|A_NM_001497.3_utr5_5_0_chr9_33167170_r_Mut_1",47.0266416386862,0
"5M_1_7_chr9_35072567_35072568_NM_007126.3(VCP):c.-215A|G_NM_007126.3_utr5_16_0_chr9_35072354_r_Mut_1",148.022056590519,1
"5M_1_7_chr9_35072567_35072568_NM_007126.3(VCP):c.-215A|G_NM_007126.3_utr5_16_0_chr9_35072354_r_Ref_1",63.3689202206151,1
"5M_1_7_chr9_35072602_35072603_NM_007126.3(VCP):c.-250C|T_NM_007126.3_utr5_16_0_chr9_35072354_r_Mut_1",92.4007269389402,1
"5M_1_7_chr9_35072602_35072603_NM_007126.3(VCP):c.-250C|T_NM_007126.3_utr5_16_0_chr9_35072354_r_Ref_1",175.050959874378,1
"5M_1_7_chr9_35079705_35079706_NM_004629.1(FANCG):c.-182delG_NM_004629.1_utr5_13_0_chr9_35079525_r_Mut_1",95.9958411653821,0
"5M_1_7_chr9_35079705_35079706_NM_004629.1(FANCG):c.-182delG_NM_004629.1_utr5_13_0_chr9_35079525_r_Ref_1",72.0298657334757,0
"5M_1_7_chr9_35079973_35079974_NM_004629.1(FANCG):c.-450G|C_NM_004629.1_utr5_13_0_chr9_35079525_r_Mut_1",95.2808728364235,0
"5M_1_7_chr9_35080011_35080012_NM_004629.1(FANCG):c.-488G|A_NM_004629.1_utr5_13_0_chr9_35079525_r_Ref_3",66.4846827573713,0
"5M_1_7_chr9_35657752_35657762_NR_003051.3(RMRP):n.257_266delCAGCGCGGCT_ENST00000602361.1_utr5_0_0_chr9_35657751_r_Mut_1",35.6486028758297,0
"5M_1_7_chr9_35657752_35657762_NR_003051.3(RMRP):n.257_266delCAGCGCGGCT_ENST00000602361.1_utr5_0_0_chr9_35657751_r_Ref_1",44.6909912303924,0
"5M_1_7_chr9_35657754_35657755_NR_003051.3(RMRP):n.264G|A_ENST00000602361.1_utr5_0_0_chr9_35657751_r_Mut_1",35.275452594774,0
"5M_1_7_chr9_35657878_35657879_NR_003051.3(RMRP):n.140A|G_ENST00000602361.1_utr5_0_0_chr9_35657751_r_Mut_1",62.5880974490139,0
"5M_1_7_chr9_35657878_35657879_NR_003051.3(RMRP):n.140A|G_ENST00000602361.1_utr5_0_0_chr9_35657751_r_Ref_1",85.9737988911541,0
"5M_1_7_chr9_35689974_35689975_NM_003289.3(TPM2):c.-158C|A_NM_213674.1_utr5_8_0_chr9_35689818_r_Ref_1",34.684403222418,1
"5M_1_7_chr9_36258466_36258467_NM_005476.5(GNE):c.-189C|T_NM_005476.5_utr5_11_0_chr9_36258321_r_Ref_2",200.075014438089,0
"5M_1_7_chr9_4299431_4299432_NM_001042413.1(GLIS3):c.-110C|G_NM_001042413.1_utr5_10_0_chr9_4299421_r_Ref_3",316.1565939957,0
"5M_1_7_chr9_4299665_4299666_NM_001042413.1(GLIS3):c.-344C|T_NM_001042413.1_utr5_10_0_chr9_4299421_r_Mut_1",71.9198582627362,0
"5M_1_7_chr9_4299665_4299666_NM_001042413.1(GLIS3):c.-344C|T_NM_001042413.1_utr5_10_0_chr9_4299421_r_Ref_1",17.975007248842,0
"5M_1_7_chr9_4299844_4299845_NM_001042413.1(GLIS3):c.-523C|G_NM_001042413.1_utr5_10_0_chr9_4299421_r_Ref_1",60.1822289075402,0
"5M_1_7_chr9_4299940_4299941_NM_001042413.1(GLIS3):c.-619C|G_NM_001042413.1_utr5_10_0_chr9_4299421_r_Mut_1",71.3844956760606,0
"5M_1_7_chr9_6645666_6645667_NM_000170.2(GLDC):c.-168G|A_NM_000170.2_utr5_24_0_chr9_6645500_r_Mut_1",25.6594821756794,0
"5M_1_7_chr9_6645671_6645672_NM_000170.2(GLDC):c.-173T|G_NM_000170.2_utr5_24_0_chr9_6645500_r_Ref_2",21.3973256298887,0
"5M_1_7_chr9_74888016_74888017_NM_017662.4(TRPM6):c.-161A|G_NM_017662.4_utr5_38_0_chr9_74887857_r_Mut_1",22.2746846921774,1
"5M_1_7_chr9_74888016_74888017_NM_017662.4(TRPM6):c.-161A|G_NM_017662.4_utr5_38_0_chr9_74887857_r_Ref_1",34.0730644377502,1
"5M_1_7_chr9_91950064_91950065_NM_004560.3(ROR2):c.-102G|T_NM_004560.3_utr5_8_0_chr9_91949964_r_Mut_1",29.1530551453799,1
"5M_1_7_chr9_94639363_94639364_NM_000507.3(FBP1):c.-54C|A_NM_000507.3_utr5_6_0_chr9_94639311_r_Mut_1",33.0985329649861,0
"5M_1_7_chr9_94639363_94639364_NM_000507.3(FBP1):c.-54C|A_NM_000507.3_utr5_6_0_chr9_94639311_r_Ref_1",433.997709819847,0
"5M_1_7_chr9_94639368_94639369_NM_000507.3(FBP1):c.-59A|T_NM_000507.3_utr5_6_0_chr9_94639311_r_Ref_1",105.242809392996,0
"5M_1_7_chr9_94639524_94639525_NM_000507.3(FBP1):c.-215G|C_NM_000507.3_utr5_6_0_chr9_94639311_r_Mut_1",82.4613324244261,0
"5M_1_7_chr9_94639524_94639525_NM_000507.3(FBP1):c.-215G|C_NM_000507.3_utr5_6_0_chr9_94639311_r_Ref_1",57.3186664876211,0
"5M_1_7_chr9_94639528_94639529_NM_000507.3(FBP1):c.-219C|T_NM_000507.3_utr5_6_0_chr9_94639311_r_Mut_1",68.9952913068864,0
"5M_1_7_chr9_94639528_94639529_NM_000507.3(FBP1):c.-219C|T_NM_000507.3_utr5_6_0_chr9_94639311_r_Ref_1",19.5700673403844,0
"5M_1_7_chr9_94639555_94639556_NM_000507.3(FBP1):c.-246G|T_NM_000507.3_utr5_6_0_chr9_94639311_r_Mut_1",49.7311790602474,0
"5M_1_7_chr9_94639555_94639556_NM_000507.3(FBP1):c.-246G|T_NM_000507.3_utr5_6_0_chr9_94639311_r_Ref_1",125.723887131261,0
"5M_1_7_chr9_95317601_95317602_NM_000136.2(FANCC):c.-155A|C_NM_000136.2_utr5_14_0_chr9_95317526_r_Mut_1",35.8022081793724,1
"5M_1_7_chr9_95317601_95317602_NM_000136.2(FANCC):c.-155A|C_NM_000136.2_utr5_14_0_chr9_95317526_r_Ref_1",59.6288462126898,1
"5M_1_7_chr9_95317618_95317619_NM_000136.2(FANCC):c.-172G|T_NM_000136.2_utr5_14_0_chr9_95317526_r_Mut_1",50.3377351933791,1
"5M_1_7_chr9_95317671_95317672_NM_000136.2(FANCC):c.-225C|T_NM_000136.2_utr5_14_0_chr9_95317526_r_Mut_1",16.0566867636801,1
"5M_1_7_chr9_95317692_95317693_NM_000136.2(FANCC):c.-246A|G_NM_000136.2_utr5_14_0_chr9_95317526_r_Mut_1",86.0699531961364,1
"5M_1_7_chr9_95317692_95317693_NM_000136.2(FANCC):c.-246A|G_NM_000136.2_utr5_14_0_chr9_95317526_r_Ref_2",28.6792396952101,1
"5M_1_7_chrX_120469172_120469173_NM_002294.2(LAMP2):c.-4G|A_NM_002294.2_utr5_8_0_chrX_120469170_r_Mut_1",176.302775089218,0
"5M_1_7_chrX_136781205_136781206_NM_004840.2(ARHGEF6):c.-324T|C_NM_004840.2_utr5_21_0_chrX_136780883_r_Mut_1",42.9032316509661,1
"5M_1_7_chrX_136781205_136781206_NM_004840.2(ARHGEF6):c.-324T|C_NM_004840.2_utr5_21_0_chrX_136780883_r_Ref_1",63.8781121504994,1
"5M_1_7_chrX_154097690_154097692_NM_001110792.1(MECP2):c.-27_-26delAGinsTT_NM_004992.3_utr5_3_0_chrX_154097604_r_Mut_1",38.6840467357151,0
"5M_1_7_chrX_154097693_154097694_NM_004992.3(MECP2):c.-189A|T_NM_004992.3_utr5_3_0_chrX_154097604_r_Mut_1",15.8836257026844,0
"5M_1_7_chrX_155022708_155022709_NM_000132.3(F8):c.-157A|G_NM_000132.3_utr5_25_0_chrX_155022553_r_Mut_1",48.1281422539526,1
"5M_1_7_chrX_155022708_155022709_NM_000132.3(F8):c.-157A|G_NM_000132.3_utr5_25_0_chrX_155022553_r_Ref_1",20.8622444582848,1
"5M_1_7_chrX_31266939_31266940_NM_004006.2(DMD):c.9225-5924T|G_ENST00000378723.7_utr5_16_0_chrX_31266830_r_Mut_1",19.8320774795114,0
"5M_1_7_chrX_32412157_32412158_NM_004006.2(DMD):c.4072-245C|T_NM_004012.3_utr5_50_0_chrX_32412058_r_Mut_1",47.9926557522293,1
"5M_1_7_chrX_32412157_32412158_NM_004006.2(DMD):c.4072-245C|T_NM_004012.3_utr5_50_0_chrX_32412058_r_Ref_1",36.0292233610732,1
"5M_1_7_chrX_33128360_33128361_NM_004006.2(DMD):c.31+82921G|A_NM_004010.3_utr5_78_0_chrX_33128063_r_Mut_1",84.346735518937,1
"5M_1_7_chrX_33128360_33128361_NM_004006.2(DMD):c.31+82921G|A_NM_004010.3_utr5_78_0_chrX_33128063_r_Ref_1",252.721120596513,1
"5M_1_7_chrX_33211492_33211493_NM_004006.2(DMD):c.-181A|T_NM_004006.2_utr5_78_0_chrX_33211313_r_Mut_1",89.3974995820525,0
"5M_1_7_chrX_33211499_33211500_NM_004006.2(DMD):c.-188C|T_NM_004006.2_utr5_78_0_chrX_33211313_r_Mut_1",21.7138118371204,0
"5M_1_7_chrX_33211499_33211500_NM_004006.2(DMD):c.-188C|T_NM_004006.2_utr5_78_0_chrX_33211313_r_Ref_1",22.1632051410237,0
"5M_1_7_chrX_47482692_47482693_NM_153380.3(ZNF41):c.-387C|T_NM_007130.3_utr5_4_0_chrX_47482459_r_Mut_1",20.5484321508881,0
"5M_1_7_chrX_47482692_47482693_NM_153380.3(ZNF41):c.-387C|T_NM_007130.3_utr5_4_0_chrX_47482459_r_Ref_1",18.1996220068815,0
"5M_1_7_chrX_80809698_80809700_NM_153252.4(BRWD3):c.-229_-228dupCC_NM_153252.4_utr5_40_0_chrX_80809472_r_Mut_1",20.4917523745706,0
"5M_1_7_chrX_80809698_80809700_NM_153252.4(BRWD3):c.-229_-228dupCC_NM_153252.4_utr5_40_0_chrX_80809472_r_Ref_2",28.8839927048578,0
"5M_2_1_chr1_209806021_209806022_(G-A)_-4609_to_initiation_codon_NM_006147.3_utr5_8_0_chr1_209805947_r_Mut_1",66.1771825818143,0
"5M_2_1_chr1_209806021_209806022_(G-A)_-4609_to_initiation_codon_NM_006147.3_utr5_8_0_chr1_209805947_r_Ref_1",29.95961969246,0
"5M_2_1_chr1_209806089_209806090_(C-T)_-4677_to_initiation_codon_NM_006147.3_utr5_8_0_chr1_209805947_r_Mut_1",33.7583801885881,0
"5M_2_1_chr1_216423267_216423268_(G-T)_-932_to_initiation_codon_NM_206933.2_utr5_71_0_chr1_216423214_r_Mut_1",57.2617238319193,1
"5M_2_1_chr1_216423267_216423268_(G-T)_-932_to_initiation_codon_NM_206933.2_utr5_71_0_chr1_216423214_r_Ref_2",29.8939377751469,1
"5M_2_1_chr10_27100438_27100439_(A-C)_-113_to_initiation_codon_NM_014915.2_utr5_33_0_chr10_27100327_r_Mut_2",64.9535015333388,0
"5M_2_1_chr10_27100438_27100439_(A-C)_-113_to_initiation_codon_NM_014915.2_utr5_33_0_chr10_27100327_r_Ref_2",96.191179124265,0
"5M_2_1_chr10_27100443_27100444_(C-A)_-118_to_initiation_codon_NM_014915.2_utr5_33_0_chr10_27100327_r_Mut_1",78.5782894994572,0
"5M_2_1_chr10_27100444_27100445_(C-A)_-119_to_initiation_codon_NM_014915.2_utr5_33_0_chr10_27100327_r_Mut_1",142.062598845182,0
"5M_2_1_chr10_27100446_27100447_(A-C)_-121_to_initiation_codon_NM_014915.2_utr5_33_0_chr10_27100327_r_Mut_1",126.995620326897,0
"5M_2_1_chr10_27100451_27100452_(T-G)_-126_to_initiation_codon_NM_014915.2_utr5_33_0_chr10_27100327_r_Mut_1",36.7725726190076,0
"5M_2_1_chr10_27100452_27100453_(A-G)_-127_to_initiation_codon_NM_014915.2_utr5_33_0_chr10_27100327_r_Mut_1",108.133541298725,0
"5M_2_1_chr10_27100453_27100454_(G-A)_-128_to_initiation_codon_NM_014915.2_utr5_33_0_chr10_27100327_r_Mut_1",50.8697201092767,0
"5M_2_1_chr10_27100453_27100454_(G-C)_-128_to_initiation_codon_NM_014915.2_utr5_33_0_chr10_27100327_r_Mut_1",40.8628107106454,0
"5M_2_1_chr10_27100453_27100454_(G-T)_-128_to_initiation_codon_NM_014915.2_utr5_33_0_chr10_27100327_r_Mut_1",30.9043784271901,0
"5M_2_1_chr10_27100465_27100466_(C-G)_-140_to_initiation_codon_NM_014915.2_utr5_33_0_chr10_27100327_r_Mut_1",32.2811891615665,0
"5M_2_1_chr11_17388144_17388145_(C-T)_-54_to_initiation_codon_NM_000525.3_utr5_0_0_chr11_17388092_r_Mut_1",43.6548575389789,0
"5M_2_1_chr11_17388144_17388145_(C-T)_-54_to_initiation_codon_NM_000525.3_utr5_0_0_chr11_17388092_r_Ref_1",104.890717903811,0
"5M_2_1_chr11_2161301_2161302_(C-G)_-331_to_initiation_codon_ENST00000381330.4_utr5_2_0_chr11_2161168_r_Mut_2",51.3485942270919,0
"5M_2_1_chr11_5234512_5234513_(T-C)_-80_to_initiation_codon_NM_000519.3_utr5_2_0_chr11_5234434_r_Mut_1",19.1254817248356,0
"5M_2_1_chr11_5234512_5234513_(T-C)_-80_to_initiation_codon_NM_000519.3_utr5_2_0_chr11_5234434_r_Ref_1",42.9233461213113,0
"5M_2_1_chr11_5234518_5234519_(C-A)_-86_to_initiation_codon_NM_000519.3_utr5_2_0_chr11_5234434_r_Mut_1",20.0156561187932,0
"5M_2_1_chr11_5234518_5234519_(C-A)_-86_to_initiation_codon_NM_000519.3_utr5_2_0_chr11_5234434_r_Ref_1",16.8275324449718,0
"5M_2_1_chr11_5234537_5234538_(T-C)_-105_to_initiation_codon_NM_000519.3_utr5_2_0_chr11_5234434_r_Mut_1",35.7508785604651,1
"5M_2_1_chr11_5234547_5234548_(A-G)_-115_to_initiation_codon_NM_000519.3_utr5_2_0_chr11_5234434_r_Mut_1",38.3973162699944,1
"5M_2_1_chr11_5234547_5234548_(A-G)_-115_to_initiation_codon_NM_000519.3_utr5_2_0_chr11_5234434_r_Ref_1",62.1663541790252,1
"5M_2_1_chr11_5234550_5234551_(C-T)_-118_to_initiation_codon_NM_000519.3_utr5_2_0_chr11_5234434_r_Mut_1",19.7960590885027,1
"5M_2_1_chr11_5234550_5234551_(C-T)_-118_to_initiation_codon_NM_000519.3_utr5_2_0_chr11_5234434_r_Ref_1",49.7919352216399,1
"5M_2_1_chr11_5234562_5234563_(G-A)_-130_to_initiation_codon_NM_000519.3_utr5_2_0_chr11_5234434_r_Mut_1",26.2264461746629,1
"5M_2_1_chr11_5234562_5234563_(G-A)_-130_to_initiation_codon_NM_000519.3_utr5_2_0_chr11_5234434_r_Ref_1",39.408761556026,1
"5M_2_1_chr11_5254977_5254978_(C-T)_-250_to_initiation_codon_ENST00000380259.6_utr5_2_0_chr11_5254729_r_Mut_1",23.5811405421191,0
"5M_2_1_chr11_5254977_5254978_(C-T)_-250_to_initiation_codon_ENST00000380259.6_utr5_2_0_chr11_5254729_r_Ref_1",22.7376673585619,0
"5M_2_1_chr11_88337726_88337727_(C-A)_-55_to_initiation_codon_NM_001814.5_utr5_6_0_chr11_88337673_r_Mut_1",73.2001053531982,0
"5M_2_1_chr11_88337726_88337727_(C-A)_-55_to_initiation_codon_NM_001814.5_utr5_6_0_chr11_88337673_r_Ref_6",29.4661793367167,0
"5M_2_1_chr13_52011414_52011415_(A-C)_-78_to_initiation_codon_NM_000053.3_utr5_20_0_chr13_52011338_r_Mut_1",16.3224909559539,0
"5M_2_1_chr13_52011414_52011415_(A-C)_-78_to_initiation_codon_NM_000053.3_utr5_20_0_chr13_52011338_r_Ref_1",24.1190272892537,0
"5M_2_1_chr13_52011459_52011460_(C-A)_-123_to_initiation_codon_NM_000053.3_utr5_20_0_chr13_52011338_r_Mut_1",34.0661299038652,1
"5M_2_1_chr13_52011459_52011460_(C-A)_-123_to_initiation_codon_NM_000053.3_utr5_20_0_chr13_52011338_r_Ref_4",33.4634836668744,1
"5M_2_1_chr13_52011469_52011470_(A-C)_-133_to_initiation_codon_NM_000053.3_utr5_20_0_chr13_52011338_r_Mut_1",58.8331170200645,1
"5M_2_1_chr13_60163937_60163938_(G-A)_-172_to_initiation_codon_NM_001042517.1_utr5_27_0_chr13_60163767_r_Mut_1",20.6819410724556,1
"5M_2_1_chr13_60163937_60163938_(G-A)_-172_to_initiation_codon_NM_001042517.1_utr5_27_0_chr13_60163767_r_Ref_1",32.5802540699793,1
"5M_2_1_chr13_77918598_77918599_(G-A)_-26_to_initiation_codon_NM_001122659.2_utr5_6_0_chr13_77918574_r_Mut_2",192.976205601073,0
"5M_2_1_chr13_77918598_77918599_(G-A)_-26_to_initiation_codon_NM_001122659.2_utr5_6_0_chr13_77918574_r_Ref_2",45.758936547911,0
"5M_2_1_chr14_75980922_75980923_(G-A)_-30_to_initiation_codon_NM_003239.3_utr5_6_0_chr14_75980894_r_Mut_2",102.344531565829,0
"5M_2_1_chr14_75980922_75980923_(G-A)_-30_to_initiation_codon_NM_003239.3_utr5_6_0_chr14_75980894_r_Ref_2",204.476270660158,0
"5M_2_1_chr14_87993229_87993230_(G-C)_-66_to_initiation_codon_NM_000153.3_utr5_16_0_chr14_87993165_r_Mut_1",57.9033661975389,0
"5M_2_1_chr14_87993230_87993231_(T-G)_-67_to_initiation_codon_NM_000153.3_utr5_16_0_chr14_87993165_r_Mut_2",28.9630799507863,0
"5M_2_1_chr14_87993572_87993573_(T-A)_-409_to_initiation_codon_NM_001201402.1_utr5_16_0_chr14_87993500_r_Mut_1",132.129038831778,0
"5M_2_1_chr14_87993572_87993573_(T-A)_-409_to_initiation_codon_NM_001201402.1_utr5_16_0_chr14_87993500_r_Ref_1",31.4483465215451,0
"5M_2_1_chr14_87993626_87993627_(C-T)_-463_to_initiation_codon_NM_001201402.1_utr5_16_0_chr14_87993500_r_Mut_1",75.5050337897137,0
"5M_2_1_chr14_87993626_87993627_(C-T)_-463_to_initiation_codon_NM_001201402.1_utr5_16_0_chr14_87993500_r_Ref_1",64.1381960347131,0
"5M_2_1_chr2_130599293_130599294_(A-G)_-7_to_initiation_codon_NM_032545.3_utr5_5_0_chr2_130599288_r_Mut_1",36.9596379107353,0
"5M_2_1_chr2_130599293_130599294_(A-G)_-7_to_initiation_codon_NM_032545.3_utr5_5_0_chr2_130599288_r_Ref_1",61.5251002927978,0
"5M_2_1_chr2_38076100_38076101_(A-C)_-713_to_initiation_codon_NM_000104.3_utr5_2_0_chr2_38075780_r_Mut_1",17.2083436187703,0
"5M_2_1_chr2_49154453_49154454_(A-G)_-37_to_initiation_codon_NM_000145.3_utr5_9_0_chr2_49154418_r_Mut_1",143.308325776799,1
"5M_2_1_chr2_96265398_96265399_(C-T)_-18_to_initiation_codon_NM_017849.3_utr5_2_0_chr2_96265382_r_Mut_2",30.3116620448893,0
"5M_2_1_chr3_184376289_184376290_(G-T)_-31_to_initiation_codon_NM_000460.3_utr5_4_0_chr3_184376260_r_Mut_1",34.1814810306484,0
"5M_2_1_chr3_184376289_184376290_(G-T)_-31_to_initiation_codon_NM_000460.3_utr5_4_0_chr3_184376260_r_Ref_2",19.6385733171742,0
"5M_2_1_chr5_137754175_137754176_(G-C)_-110_to_initiation_codon_NM_006805.3_utr5_0_0_chr5_137754067_r_Mut_1",31.6958739021606,1
"5M_2_1_chr5_137754175_137754176_(G-C)_-110_to_initiation_codon_NM_006805.3_utr5_0_0_chr5_137754067_r_Ref_1",46.7214253577878,1
"5M_2_1_chr5_14871457_14871458_(C-T)_-11_to_initiation_codon_NM_054027.4_utr5_11_0_chr5_14871448_r_Mut_1",28.931798320641,0
"5M_2_1_chr5_14871457_14871458_(C-T)_-11_to_initiation_codon_NM_054027.4_utr5_11_0_chr5_14871448_r_Ref_2",52.1380178954808,0
"5M_2_1_chr8_42843313_42843314_(C-T)_-220_to_initiation_codon_NM_018105.2_utr5_2_0_chr8_42843095_r_Mut_1",68.2530547241072,0
"5M_2_1_chr8_42843313_42843314_(C-T)_-220_to_initiation_codon_NM_018105.2_utr5_2_0_chr8_42843095_r_Ref_1",13.4075473594361,0
"5M_2_1_chr9_21974851_21974852_(C-T)_-25_to_initiation_codon_NM_001195132.1_utr5_3_0_chr9_21974828_r_Mut_1",83.4504634899578,0
"5M_2_1_chr9_21974875_21974876_(C-A)_-49_to_initiation_codon_NM_001195132.1_utr5_3_0_chr9_21974828_r_Mut_2",34.6574477921461,0
"5M_2_1_chr9_21974882_21974883_(G-T)_-56_to_initiation_codon_NM_001195132.1_utr5_3_0_chr9_21974828_r_Mut_1",21.8462148648471,0
"5M_2_1_chr9_35072712_35072713_(G-C)_-360_to_initiation_codon_NM_007126.3_utr5_16_0_chr9_35072354_r_Mut_1",17.5244554641755,0
"5M_2_1_chr9_35072712_35072713_(G-C)_-360_to_initiation_codon_NM_007126.3_utr5_16_0_chr9_35072354_r_Ref_2",49.1302308111545,0
"5M_2_1_chrX_155022556_155022557_(A-G)_-5_to_initiation_codon_NM_000132.3_utr5_25_0_chrX_155022553_r_Mut_1",28.2597624172601,1
"5M_2_1_chrX_155022556_155022557_(A-G)_-5_to_initiation_codon_NM_000132.3_utr5_25_0_chrX_155022553_r_Ref_1",22.4220673530026,1
"5M_2_1_chrX_155022663_155022664_(G-A)_-112_to_initiation_codon_NM_000132.3_utr5_25_0_chrX_155022553_r_Mut_1",15.131303685014,1
"5M_2_1_chrX_155022663_155022664_(G-A)_-112_to_initiation_codon_NM_000132.3_utr5_25_0_chrX_155022553_r_Ref_1",35.3348667088854,1
"5M_2_1_chrX_33211365_33211366_(T-A)_-54_to_initiation_codon_NM_004006.2_utr5_78_0_chrX_33211313_r_Mut_1",51.2540965214359,1
"5M_2_1_chrX_33211365_33211366_(T-A)_-54_to_initiation_codon_NM_004006.2_utr5_78_0_chrX_33211313_r_Ref_3",14.3546219655446,1
"5M_2_1_chrX_55030959_55030960_(C-T)_-4960_to_initiation_codon_NM_001037968.3_utr5_10_0_chrX_55030942_r_Ref_1",25.1337893396767,0
"5M_2_1_chrY_2787677_2787678_(G-A)_-75_to_initiation_codon_NM_003140.2_utr5_0_0_chrY_2787604_r_Mut_1",64.8616150208712,1
"5M_2_1_chrY_2787677_2787678_(G-A)_-75_to_initiation_codon_NM_003140.2_utr5_0_0_chrY_2787604_r_Ref_1",70.663537163906,1
"5M_2_1_chrY_2787732_2787733_(G-C)_-130_to_initiation_codon_NM_003140.2_utr5_0_0_chrY_2787604_r_Mut_1",46.572361319035,1
"5M_2_1_chrY_2787732_2787733_(G-C)_-130_to_initiation_codon_NM_003140.2_utr5_0_0_chrY_2787604_r_Ref_1",50.6868045609097,1
"5M_2_2_chr1_230714142_230714143_(G-A)_-3293_to_initiation_codon_NM_000029.3_utr5_4_0_chr1_230714086_r_Mut_1",20.8225405399636,0
"5M_2_2_chr1_230714142_230714143_(G-A)_-3293_to_initiation_codon_NM_000029.3_utr5_4_0_chr1_230714086_r_Ref_3",24.3995093675944,0
"5M_2_2_chr10_27100441_27100442_(C-T)_-116_to_initiation_codon_NM_014915.2_utr5_33_0_chr10_27100327_r_Mut_1",348.476633738516,0
"5M_2_2_chr10_27100443_27100444_(C-T)_-118_to_initiation_codon_NM_014915.2_utr5_33_0_chr10_27100327_r_Mut_1",97.2969292605189,0
"5M_2_2_chr10_27100450_27100451_(T-G)_-125_to_initiation_codon_NM_014915.2_utr5_33_0_chr10_27100327_r_Mut_1",37.4335431751137,0
"5M_2_2_chr11_2885572_2885573_(G-A)_-84_to_initiation_codon_NM_000076.2_utr5_2_0_chr11_2885490_r_Ref_1",52.7778544674318,0
"5M_2_2_chr11_2885573_2885574_(G-A)_-85_to_initiation_codon_NM_000076.2_utr5_2_0_chr11_2885490_r_Ref_1",17.7855094352198,0
"5M_2_2_chr11_2885754_2885755_(G-A)_-266_to_initiation_codon_NM_000076.2_utr5_2_0_chr11_2885490_r_Mut_2",33.3568299728657,0
"5M_2_2_chr13_52011372_52011373_(C-T)_-36_to_initiation_codon_NM_000053.3_utr5_20_0_chr13_52011338_r_Mut_1",22.862848207979,0
"5M_2_2_chr13_52011372_52011373_(C-T)_-36_to_initiation_codon_NM_000053.3_utr5_20_0_chr13_52011338_r_Ref_3",20.3191964657018,0
"5M_2_2_chr13_52011385_52011386_(C-G)_-49_to_initiation_codon_NM_000053.3_utr5_20_0_chr13_52011338_r_Mut_1",34.9283764365801,0
"5M_2_2_chr13_52011411_52011412_(C-A)_-75_to_initiation_codon_NM_000053.3_utr5_20_0_chr13_52011338_r_Mut_1",13.9693045874202,0
"5M_2_2_chr13_52011411_52011412_(C-A)_-75_to_initiation_codon_NM_000053.3_utr5_20_0_chr13_52011338_r_Ref_1",33.7208626441958,0
"5M_2_2_chr13_52011464_52011465_(A-C)_-128_to_initiation_codon_NM_000053.3_utr5_20_0_chr13_52011338_r_Mut_1",15.681360114251,1
"5M_2_2_chr14_54902701_54902702_(C-T)_-39_to_initiation_codon_NM_000161.2_utr5_5_0_chr14_54902664_r_Mut_1",20.6690997877176,0
"5M_2_2_chr19_51001551_51001552_(C-T)_-385_to_initiation_codon_NM_144505.2_utr5_5_0_chr19_51001532_r_Mut_1",70.2086193951668,0
"5M_2_2_chr19_51001551_51001552_(C-T)_-385_to_initiation_codon_NM_144505.2_utr5_5_0_chr19_51001532_r_Ref_1",74.7526156668665,0
"5M_2_2_chr19_55157640_55157641_(A-T)_-52_to_initiation_codon_NM_000363.4_utr5_7_0_chr19_55157590_r_Mut_1",18.3151184977651,0
"5M_2_2_chr19_55157640_55157641_(A-T)_-52_to_initiation_codon_NM_000363.4_utr5_7_0_chr19_55157590_r_Ref_1",84.0906856810419,0
"5M_2_2_chr2_38076063_38076064_(C-T)_-676_to_initiation_codon_NM_000104.3_utr5_2_0_chr2_38075780_r_Mut_1",137.658377733783,0
"5M_2_2_chr2_53854759_53854760_(G-A)_-4_to_initiation_codon_NM_006794.3_utr5_0_0_chr2_53854757_r_Mut_1",394.169072169328,1
"5M_2_2_chr2_53854759_53854760_(G-A)_-4_to_initiation_codon_NM_006794.3_utr5_0_0_chr2_53854757_r_Ref_1",29.0821730988789,1
"5M_2_2_chr21_26170988_26170989_(C-G)_-369_to_initiation_codon_NM_001136131.2_utr5_15_0_chr21_26170985_r_Mut_1",245.06773228507,0
"5M_2_2_chr21_26170988_26170989_(C-G)_-369_to_initiation_codon_NM_001136131.2_utr5_15_0_chr21_26170985_r_Ref_1",21.2517750681374,0
"5M_2_2_chr22_28734724_28734725_(C-T)_-4_to_initiation_codon_NM_001257387.1_utr5_14_0_chr22_28734403_r_Mut_2",77.8407699215027,0
"5M_2_2_chr3_138946972_138946973_(G-A)_-251_to_initiation_codon_NM_023067.3_utr5_0_0_chr3_138946723_r_Mut_1",32.8626274499272,0
"5M_2_2_chr3_138946972_138946973_(G-A)_-251_to_initiation_codon_NM_023067.3_utr5_0_0_chr3_138946723_r_Ref_1",26.0979346293323,0
"5M_2_2_chr3_49422507_49422508_(C-T)_-58_to_initiation_codon_NM_000481.3_utr5_8_0_chr3_49422451_r_Mut_1",51.1315291046685,0
"5M_2_2_chr3_49422513_49422514_(A-G)_-64_to_initiation_codon_NM_000481.3_utr5_8_0_chr3_49422451_r_Mut_1",47.5694174131377,0
"5M_2_2_chr3_49422513_49422514_(A-G)_-64_to_initiation_codon_NM_000481.3_utr5_8_0_chr3_49422451_r_Ref_1",39.4139561304638,0
"5M_2_2_chr3_49422515_49422516_(A-G)_-66_to_initiation_codon_NM_000481.3_utr5_8_0_chr3_49422451_r_Mut_1",87.4223528710078,0
"5M_2_2_chr3_49422515_49422516_(A-G)_-66_to_initiation_codon_NM_000481.3_utr5_8_0_chr3_49422451_r_Ref_1",44.5113753558932,0
"5M_2_2_chr3_49422525_49422526_(G-C)_-76_to_initiation_codon_NM_000481.3_utr5_8_0_chr3_49422451_r_Mut_2",45.0551419512439,0
"5M_2_2_chr3_49422525_49422526_(G-C)_-76_to_initiation_codon_NM_000481.3_utr5_8_0_chr3_49422451_r_Ref_2",69.4474052495333,0
"5M_2_2_chr4_67754342_67754343_(G-A)_-8_to_initiation_codon_NM_000406.2_utr5_2_0_chr4_67754336_r_Mut_1",18.9513164288418,1
"5M_2_2_chr4_67754342_67754343_(G-A)_-8_to_initiation_codon_NM_000406.2_utr5_2_0_chr4_67754336_r_Ref_1",40.3992763924763,1
"5M_2_2_chr5_107670639_107670640_(C-G)_-27_to_initiation_codon_NM_001962.2_utr5_4_0_chr5_107670614_r_Mut_1",28.4714966587467,1
"5M_2_2_chr5_107670639_107670640_(C-G)_-27_to_initiation_codon_NM_001962.2_utr5_4_0_chr5_107670614_r_Ref_1",21.2875197420968,1
"5M_2_2_chr6_65495864_65495865_(G-A)_-455_to_initiation_codon_NM_001292009.1_utr5_41_0_chr6_65495859_r_Mut_1",12.3071967853449,0
"5M_2_2_chr6_65495864_65495865_(G-A)_-455_to_initiation_codon_NM_001292009.1_utr5_41_0_chr6_65495859_r_Ref_3",84.5368813323566,0
"5M_2_2_chr6_65639793_65639794_(G-T)_-144384_to_initiation_codon_NM_001292009.1_utr5_42_0_chr6_65639778_r_Mut_1",23.0122599356632,1
"5M_2_2_chr6_65639793_65639794_(G-T)_-144384_to_initiation_codon_NM_001292009.1_utr5_42_0_chr6_65639778_r_Ref_5",17.9871906585528,1
"5M_2_2_chr7_19117326_19117327_(C-G)_-6_to_initiation_codon_NM_000474.3_utr5_1_0_chr7_19117322_r_Mut_1",54.4943065608353,0
"5M_2_2_chr8_38457446_38457447_(G-A)_-1_to_initiation_codon_NM_001174064.1_utr5_17_0_chr8_38457356_r_Mut_1",405.601062982214,0
"5M_2_2_chr8_38457446_38457447_(G-A)_-1_to_initiation_codon_NM_001174064.1_utr5_17_0_chr8_38457356_r_Ref_1",332.844219194267,0
"5M_2_2_chr8_66178642_66178643_(G-C)_-1166_to_initiation_codon_NM_000756.3_utr5_1_0_chr8_66178293_r_Mut_1",45.6460323175574,1
"5M_2_2_chr8_66178642_66178643_(G-C)_-1166_to_initiation_codon_NM_000756.3_utr5_1_0_chr8_66178293_r_Ref_1",20.0960173672242,1
"5M_2_2_chr9_127854363_127854364_(G-A)_-9_to_initiation_codon_NM_000118.3_utr5_13_0_chr9_127854356_r_Mut_1",22.5630276999884,0
"5M_2_2_chrX_101407946_101407947_(C-T)_-44_to_initiation_codon_NM_000169.2_utr5_6_0_chrX_101407904_r_Ref_4",29.6333473594295,1
"5M_2_3_chr1_203186753_203186754_(G-C)_-131_to_initiation_codon_NM_001276.2_utr5_9_0_chr1_203186624_r_Mut_2",17.839714999867,1
"5M_2_3_chr1_203186753_203186754_(G-C)_-131_to_initiation_codon_NM_001276.2_utr5_9_0_chr1_203186624_r_Ref_2",40.9724632742052,1
"5M_2_3_chr10_49539492_49539493_(C-G)_-6529_to_initiation_codon_NM_001277059.1_utr5_5_0_chr10_49539432_r_Mut_2",30.1495217296956,0
"5M_2_3_chr11_101583756_101583757_(C-G)_-254_to_initiation_codon_NM_004621.5_utr5_12_0_chr11_101583504_r_Mut_1",82.9589013407913,0
"5M_2_3_chr11_101583756_101583757_(C-G)_-254_to_initiation_codon_NM_004621.5_utr5_12_0_chr11_101583504_r_Ref_1",30.9924303135334,0
"5M_2_3_chr11_321016_321017_(T-G)_-204_to_initiation_codon_ENST00000399808.4_utr5_1_0_chr11_320814_r_Mut_1",26.0652095502638,0
"5M_2_3_chr11_321016_321017_(T-G)_-204_to_initiation_codon_ENST00000399808.4_utr5_1_0_chr11_320814_r_Ref_1",34.8831076208059,0
"5M_2_3_chr11_72721939_72721940_(T-C)_-8753_to_initiation_codon_NM_015242.4_utr5_32_0_chr11_72721850_r_Ref_1",84.2463428402726,1
"5M_2_3_chr15_55498331_55498332_(G-A)_-3_to_initiation_codon_NM_001033560.1_utr5_7_0_chr15_55498330_r_Mut_1",353.856432571937,0
"5M_2_3_chr15_55498331_55498332_(G-A)_-3_to_initiation_codon_NM_001033560.1_utr5_7_0_chr15_55498330_r_Ref_1",14.9965700878893,0
"5M_2_3_chr15_58749812_58749813_(A-G)_-279_to_initiation_codon_NM_001110.3_utr5_15_0_chr15_58749535_r_Mut_1",28.9714887309012,0
"5M_2_3_chr15_58749812_58749813_(A-G)_-279_to_initiation_codon_NM_001110.3_utr5_15_0_chr15_58749535_r_Ref_1",22.4778992872058,0
"5M_2_3_chr17_44915749_44915750_(A-C)_-264_to_initiation_codon_ENST00000588735.2_utr5_8_0_chr17_44915487_r_Mut_2",25.7770207800497,0
"5M_2_3_chr17_44915749_44915750_(A-C)_-264_to_initiation_codon_ENST00000588735.2_utr5_8_0_chr17_44915487_r_Ref_2",83.63201647357,0
"5M_2_3_chr18_63319603_63319604_(C-A)_-938_to_initiation_codon_ENST00000398117.1_utr5_1_0_chr18_63318667_r_Mut_1",52.5907239570793,0
"5M_2_3_chr18_63319603_63319604_(C-A)_-938_to_initiation_codon_ENST00000398117.1_utr5_1_0_chr18_63318667_r_Ref_1",86.3546907575594,0
"5M_2_3_chr19_41353430_41353431_(C-T)_-387_to_initiation_codon_NM_000660.5_utr5_6_0_chr19_41353045_r_Mut_1",48.3615668927868,0
"5M_2_3_chr19_41353430_41353431_(C-T)_-387_to_initiation_codon_NM_000660.5_utr5_6_0_chr19_41353045_r_Ref_1",35.1331103185714,0
"5M_2_3_chr19_45424351_45424352_(T-C)_-978_to_initiation_codon_ENST00000300853.7_utr5_9_0_chr19_45423781_r_Mut_1",67.2264929619937,0
"5M_2_3_chr19_45424351_45424352_(T-C)_-978_to_initiation_codon_ENST00000300853.7_utr5_9_0_chr19_45423781_r_Ref_1",291.518285532466,0
"5M_2_3_chr2_49154445_49154446_(G-A)_-29_to_initiation_codon_NM_000145.3_utr5_9_0_chr2_49154418_r_Mut_1",35.9400503994016,1
"5M_2_3_chr4_121823882_121823883_(G-A)_-255_to_initiation_codon_NM_001237.3_utr5_7_0_chr4_121823629_r_Mut_1",80.9354030821023,0
"5M_2_3_chr4_121823882_121823883_(G-A)_-255_to_initiation_codon_NM_001237.3_utr5_7_0_chr4_121823629_r_Ref_1",45.5485162906467,0
"5M_2_3_chr4_74794550_74794551_(A-G)_-226_to_initiation_codon_NM_001729.3_utr5_5_0_chr4_74794326_r_Mut_1",264.901775765552,0
"5M_2_3_chr4_74794550_74794551_(A-G)_-226_to_initiation_codon_NM_001729.3_utr5_5_0_chr4_74794326_r_Ref_1",188.596253093198,0
"5M_2_3_chr4_99352999_99353000_(G-C)_-325_to_initiation_codon_NM_000669.4_utr5_8_0_chr4_99352676_r_Mut_1",16.1334065823475,1
"5M_2_3_chr5_140633330_140633331_(C-T)_-260_to_initiation_codon_NM_000591.3_utr5_1_0_chr5_140633072_r_Mut_1",26.5191743536018,0
"5M_2_3_chr5_140633330_140633331_(C-T)_-260_to_initiation_codon_NM_000591.3_utr5_1_0_chr5_140633072_r_Ref_1",202.744539728868,0
"5M_2_3_chr5_14871450_14871451_(G-A)_-4_to_initiation_codon_NM_054027.4_utr5_11_0_chr5_14871448_r_Mut_1",33.2198173202777,0
"5M_2_3_chr5_157058358_157058359_(G-C)_-416_to_initiation_codon_ENST00000339252.7_utr5_7_0_chr5_157057944_r_Mut_1",40.7165565611931,1
"5M_2_3_chr5_157058358_157058359_(G-C)_-416_to_initiation_codon_ENST00000339252.7_utr5_7_0_chr5_157057944_r_Ref_1",48.5026674955398,1
"5M_2_3_chr5_175443192_175443193_(G-A)_-94_to_initiation_codon_NM_000794.3_utr5_0_0_chr5_175443100_r_Mut_1",57.4189419778529,0
"5M_2_3_chr6_137219382_137219383_(T-C)_-56_to_initiation_codon_NM_000416.2_utr5_6_0_chr6_137219328_r_Mut_1",158.933880472739,0
"5M_2_3_chr6_137219382_137219383_(T-C)_-56_to_initiation_codon_NM_000416.2_utr5_6_0_chr6_137219328_r_Ref_1",60.3098363849038,0
"5M_2_3_chr6_31543080_31543081_(G-A)_-2549_to_initiation_codon_NR_133674.1_utr5_1_0_chr6_31542705_f_Mut_1",54.0017473609023,1
"5M_2_3_chr6_31543080_31543081_(G-A)_-2549_to_initiation_codon_NR_133674.1_utr5_1_0_chr6_31542705_f_Ref_1",25.7523865019748,1
"5M_2_3_chr6_31730179_31730180_(C-G)_-1019_to_initiation_codon_NM_001303007.1_utr5_5_0_chr6_31729162_r_Mut_1",14.6548701379414,0
"5M_2_3_chr6_31730179_31730180_(C-G)_-1019_to_initiation_codon_NM_001303007.1_utr5_5_0_chr6_31729162_r_Ref_1",24.4649784735119,0
"5M_2_3_chr6_38703060_38703061_(T-C)_-7_to_initiation_codon_NM_006708.2_utr5_5_0_chr6_38703055_r_Mut_1",115.860419814517,0
"5M_2_3_chr6_38703060_38703061_(T-C)_-7_to_initiation_codon_NM_006708.2_utr5_5_0_chr6_38703055_r_Ref_1",25.4866288037359,0
"5M_2_3_chr6_77463563_77463564_(A-T)_-161_to_initiation_codon_NM_000863.2_utr5_0_0_chr6_77463404_r_Mut_1",8.95496073746909,0
"5M_2_3_chr6_77463563_77463564_(A-T)_-161_to_initiation_codon_NM_000863.2_utr5_0_0_chr6_77463404_r_Ref_1",13.6971055950633,0
"5M_2_3_chr6_77463664_77463665_(T-G)_-262_to_initiation_codon_NM_000863.2_utr5_0_0_chr6_77463404_r_Mut_1",32.2318228730503,0
"5M_2_3_chr6_77463664_77463665_(T-G)_-262_to_initiation_codon_NM_000863.2_utr5_0_0_chr6_77463404_r_Ref_1",33.5110287857111,0
"5M_2_3_chr8_118952043_118952044_(T-C)_-223_to_initiation_codon_NM_002546.3_utr5_4_0_chr8_118951822_r_Mut_1",16.1930451185203,0
"5M_2_3_chr8_118952043_118952044_(T-C)_-223_to_initiation_codon_NM_002546.3_utr5_4_0_chr8_118951822_r_Ref_1",32.3395816420253,0
"5M_2_3_chr8_27611344_27611345_(C-G)_-774_to_initiation_codon_ENST00000523500.5_utr5_7_0_chr8_27610572_r_Ref_1",12.9399847998863,0
"5M_2_3_chr8_6877876_6877877_(A-G)_-20_to_initiation_codon_NM_005218.3_utr5_1_0_chr8_6877858_r_Mut_1",32.8775516007435,0
"5M_2_3_chr8_6877876_6877877_(A-G)_-20_to_initiation_codon_NM_005218.3_utr5_1_0_chr8_6877858_r_Ref_3",31.3549029170929,0
"5M_2_3_chr8_6877900_6877901_(C-G)_-44_to_initiation_codon_NM_005218.3_utr5_1_0_chr8_6877858_r_Mut_1",20.1689216491922,0
"5M_2_3_chr8_6877908_6877909_(G-A)_-52_to_initiation_codon_NM_005218.3_utr5_1_0_chr8_6877858_r_Mut_1",54.9986913527896,0
"5M_2_4_chr10_102837394_102837395_(T-C)_-34_to_initiation_codon_NM_000102.3_utr5_7_0_chr10_102837362_r_Mut_1",23.1179926238007,0
"5M_2_4_chr10_102837394_102837395_(T-C)_-34_to_initiation_codon_NM_000102.3_utr5_7_0_chr10_102837362_r_Ref_4",64.7903917193074,0
"5M_2_4_chr11_111911972_111911973_(C-G)_-249_to_initiation_codon_NM_001289808.1_utr5_2_0_chr11_111911725_r_Mut_1",36.2945984584938,1
"5M_2_4_chr11_111911972_111911973_(C-G)_-249_to_initiation_codon_NM_001289808.1_utr5_2_0_chr11_111911725_r_Ref_1",81.5694527549578,1
"5M_2_4_chr11_111912373_111912374_(G-C)_-650_to_initiation_codon_ENST00000304298.3_utr5_0_0_chr11_111912242_f_Mut_1",32.7060251253207,1
"5M_2_4_chr11_111912373_111912374_(G-C)_-650_to_initiation_codon_ENST00000304298.3_utr5_0_0_chr11_111912242_f_Ref_1",33.2078331126143,1
"5M_2_4_chr11_72722052_72722053_(G-T)_-8866_to_initiation_codon_NM_015242.4_utr5_32_0_chr11_72721850_r_Mut_1",36.1577473548011,0
"5M_2_4_chr11_72722052_72722053_(G-T)_-8866_to_initiation_codon_NM_015242.4_utr5_32_0_chr11_72721850_r_Ref_1",150.076449521685,0
"5M_2_4_chr11_74009119_74009120_(C-T)_-2078_to_initiation_codon_NM_003356.3_utr5_6_0_chr11_74008978_r_Mut_1",39.1865531797884,0
"5M_2_4_chr11_74009119_74009120_(C-T)_-2078_to_initiation_codon_NM_003356.3_utr5_6_0_chr11_74008978_r_Ref_1",30.336107315219,0
"5M_2_4_chr16_52552428_52552429_(C-T)_-5706_to_initiation_codon_ENST00000510238.7_utr5_0_0_chr16_52552093_r_Mut_1",44.4869770830657,1
"5M_2_4_chr16_52552428_52552429_(C-T)_-5706_to_initiation_codon_ENST00000510238.7_utr5_0_0_chr16_52552093_r_Ref_1",209.598749546076,1
"5M_2_4_chr19_18086824_18086825_(C-T)_-2_to_initiation_codon_NM_005535.2_utr5_16_0_chr19_18086824_r_Mut_1",73.5937185961605,0
"5M_2_4_chr19_18086824_18086825_(C-T)_-2_to_initiation_codon_NM_005535.2_utr5_16_0_chr19_18086824_r_Ref_1",45.9181175341027,0
"5M_2_4_chr19_18086933_18086934_(A-T)_-111_to_initiation_codon_NM_005535.2_utr5_16_0_chr19_18086824_r_Mut_1",73.5828226852694,1
"5M_2_4_chr19_18086933_18086934_(A-T)_-111_to_initiation_codon_NM_005535.2_utr5_16_0_chr19_18086824_r_Ref_1",112.498709467337,1
"5M_2_4_chr2_226799184_226799185_(G-A)_-447_to_initiation_codon_ENST00000305123.5_utr5_1_0_chr2_226798739_r_Mut_1",23.4745396719932,1
"5M_2_4_chr2_226799184_226799185_(G-A)_-447_to_initiation_codon_ENST00000305123.5_utr5_1_0_chr2_226798739_r_Ref_1",26.2818580821632,1
"5M_2_4_chr3_42264801_42264802_(C-T)_-1172_to_initiation_codon_NM_000729.5_utr5_2_0_chr3_42264697_r_Mut_1",463.302350477879,1
"5M_2_4_chr5_175443146_175443147_(A-G)_-48_to_initiation_codon_NM_000794.3_utr5_0_0_chr5_175443100_r_Ref_1",52.5821216706749,0
"5M_2_4_chr5_79513824_79513825_(G-A)_-1051_to_initiation_codon_NM_004272.4_utr5_8_0_chr5_79512775_r_Mut_1",113.157093229775,0
"5M_2_4_chr5_79513824_79513825_(G-A)_-1051_to_initiation_codon_NM_004272.4_utr5_8_0_chr5_79512775_r_Ref_1",288.914462367204,0
"5M_2_4_chr6_135054852_135054853_(C-T)_-162_to_initiation_codon_NM_006620.3_utr5_17_0_chr6_135054692_r_Mut_1",14.2246008620625,0
"5M_2_5_chr1_109740349_109740350_(A-C)_-63_to_initiation_codon_NM_000849.4_utr5_7_0_chr1_109740288_r_Ref_1",13.8122218133503,0
"5M_2_5_chr1_111503917_111503918_(T-C)_-564_to_initiation_codon_NM_020683.6_utr5_5_0_chr1_111503355_r_Ref_1",37.8584889807378,1
"5M_2_5_chr10_32056416_32056417_(A-G)_-444_to_initiation_codon_NM_004521.2_utr5_25_0_chr10_32055974_r_Mut_1",76.1674588271042,0
"5M_2_5_chr11_105035211_105035212_(C-T)_-99_to_initiation_codon_ENST00000436863.7_utr5_9_0_chr11_105035114_r_Ref_1",12.5591613292927,1
"5M_2_5_chr14_104793396_104793397_(G-T)_-754_to_initiation_codon_NM_005163.2_utr5_13_0_chr14_104793127_r_Mut_1",53.5466876595618,1
"5M_2_5_chr14_104793396_104793397_(G-T)_-754_to_initiation_codon_NM_005163.2_utr5_13_0_chr14_104793127_r_Ref_1",38.1808275584053,1
"5M_2_5_chr16_28609250_28609251_(G-A)_-396_to_initiation_codon_NM_177534.2_utr5_6_0_chr16_28608856_r_Ref_1",23.0507226068819,0
"5M_2_5_chr20_23638014_23638015_(T-G)_-153_to_initiation_codon_NM_001288614.1_utr5_3_0_chr20_23637863_r_Mut_1",26.0452302118261,0
"5M_2_5_chr20_23638014_23638015_(T-G)_-153_to_initiation_codon_NM_001288614.1_utr5_3_0_chr20_23637863_r_Ref_2",52.1939175772189,0
"5M_2_5_chr20_23638018_23638019_(G-C)_-157_to_initiation_codon_NM_001288614.1_utr5_3_0_chr20_23637863_r_Mut_1",39.7852109907386,0
"5M_2_5_chr22_37018941_37018942_(C-T)_-210_to_initiation_codon_ENST00000403892.7_utr5_1_0_chr22_37018733_r_Mut_1",108.887804252854,0
"5M_2_5_chr4_74794557_74794558_(G-C)_-233_to_initiation_codon_NM_001729.3_utr5_5_0_chr4_74794326_r_Mut_1",229.79558738189,0
"5M_2_5_chr4_74794557_74794558_(G-C)_-233_to_initiation_codon_NM_001729.3_utr5_5_0_chr4_74794326_r_Ref_1",444.617625995764,0
"5M_2_5_chr6_32940974_32940975_(C-T)_-168_to_initiation_codon_NM_002118.4_utr5_5_0_chr6_32940808_r_Mut_1",41.9671569002043,1
"5M_2_5_chr6_32940974_32940975_(C-T)_-168_to_initiation_codon_NM_002118.4_utr5_5_0_chr6_32940808_r_Ref_1",14.330619730408,1
"5M_2_5_chr6_32941038_32941039_(C-T)_-232_to_initiation_codon_NM_002118.4_utr5_5_0_chr6_32940808_r_Mut_1",41.9032328980007,1
"5M_2_5_chr6_32941038_32941039_(C-T)_-232_to_initiation_codon_NM_002118.4_utr5_5_0_chr6_32940808_r_Ref_1",76.1007500023281,1
"5M_2_5_chr7_65982194_65982195_(G-A)_-12_to_initiation_codon_NM_001293104.1_utr5_10_0_chr7_65981974_r_Mut_1",65.7689976658218,1
"5M_2_5_chr7_65982194_65982195_(G-A)_-12_to_initiation_codon_NM_001293104.1_utr5_10_0_chr7_65981974_r_Ref_1",28.373066571821,1
"5M_2_5_chr7_99679914_99679915_(T-C)_-19_to_initiation_codon_NM_001291829.1_utr5_13_0_chr7_99679826_r_Mut_1",21.6838734605017,0
"5M_2_5_chr7_99679914_99679915_(T-C)_-19_to_initiation_codon_NM_001291829.1_utr5_13_0_chr7_99679826_r_Ref_1",42.5414714442598,0
"5M_2_5_chr8_38150989_38150990_(C-T)_-172_to_initiation_codon_NM_000349.2_utr5_6_0_chr8_38150819_r_Mut_1",15.0072302164179,1
"5M_2_5_chr8_38150989_38150990_(C-T)_-172_to_initiation_codon_NM_000349.2_utr5_6_0_chr8_38150819_r_Ref_1",49.9725296769068,1
"5M_2_5_chr8_63038891_63038892_(T-G)_-124_to_initiation_codon_NM_003878.2_utr5_8_0_chr8_63038769_r_Mut_1",52.6888574245041,0
"5M_2_5_chr8_63038891_63038892_(T-G)_-124_to_initiation_codon_NM_003878.2_utr5_8_0_chr8_63038769_r_Ref_1",55.4072050777467,0
"5M_2_5_chr8_63039121_63039122_(G-T)_-354_to_initiation_codon_ENST00000260118.6_utr5_8_0_chr8_63038769_r_Ref_2",20.7508140343208,0
"5M_2_5_chr8_63039168_63039169_(C-T)_-401_to_initiation_codon_ENST00000260118.6_utr5_8_0_chr8_63038769_r_Mut_1",29.3086237916414,0
"5M_2_5_chrX_101407912_101407913_(C-T)_-10_to_initiation_codon_NM_000169.2_utr5_6_0_chrX_101407904_r_Mut_1",36.4599493294634,1
"5M_2_5_chrX_101407932_101407933_(G-A)_-30_to_initiation_codon_NM_000169.2_utr5_6_0_chrX_101407904_r_Mut_1",41.0072017524463,1
"5M_2_5_chrX_120469311_120469312_(G-A)_-143_to_initiation_codon_NM_002294.2_utr5_8_0_chrX_120469170_r_Mut_1",43.7418083842505,1
"5M_2_5_chrX_120469311_120469312_(G-A)_-143_to_initiation_codon_NM_002294.2_utr5_8_0_chrX_120469170_r_Ref_3",46.2370652989646,1
"5P_1_1_chr1_159204892_159204893_NM_002036.3(ACKR1):c.-67T|C_NM_002036.3_utr5_0_0_chr1_159204013_f_Mut_1",57.7258306914849,0
"5P_1_1_chr1_159204892_159204893_NM_002036.3(ACKR1):c.-67T|C_NM_002036.3_utr5_0_0_chr1_159204013_f_Ref_1",11.6253517199,0
"5P_1_1_chr1_228149856_228149857_NM_020435.3(GJC2):c.-170A|G_NM_020435.3_utr5_0_0_chr1_228149714_f_Mut_2",24.8546084817024,0
"5P_1_1_chr1_228149856_228149857_NM_020435.3(GJC2):c.-170A|G_NM_020435.3_utr5_0_0_chr1_228149714_f_Ref_2",34.1348366981737,0
"5P_1_1_chr1_228149859_228149860_NM_020435.3(GJC2):c.-167A|G_NM_020435.3_utr5_0_0_chr1_228149714_f_Mut_2",61.6004845757948,0
"5P_1_1_chr1_75724781_75724793_NM_000016.5(ACADM):c.-6_6delGCCAACATGGCAinsACCCCGAAGG_NM_001286044.1_utr5_0_0_chr1_75724347_f_Mut_1",34.7169195099707,0
"5P_1_1_chr1_75724781_75724793_NM_000016.5(ACADM):c.-6_6delGCCAACATGGCAinsACCCCGAAGG_NM_001286044.1_utr5_0_0_chr1_75724347_f_Ref_1",24.5295178809471,0
"5P_1_1_chr10_87863607_87863608_NM_000314.6(PTEN):c.-861G|T_NM_001304718.1_utr5_0_0_chr10_87863438_f_Mut_1",84.7374335349202,1
"5P_1_1_chr10_87863607_87863608_NM_000314.6(PTEN):c.-861G|T_NM_001304718.1_utr5_0_0_chr10_87863438_f_Ref_2",39.015274881134,1
"5P_1_1_chr12_12717383_12717387_NM_004064.4(CDKN1B):c.-456_-453delCCTT_NM_004064.4_utr5_0_0_chr12_12717270_f_Mut_1",52.855317983644,1
"5P_1_1_chr12_12717383_12717387_NM_004064.4(CDKN1B):c.-456_-453delCCTT_NM_004064.4_utr5_0_0_chr12_12717270_f_Ref_1",57.092448044322,1
"5P_1_1_chr12_12717759_12717760_NM_004064.4(CDKN1B):c.-80C|T_NM_004064.4_utr5_0_0_chr12_12717270_f_Mut_1",34.9136378912407,1
"5P_1_1_chr12_12717759_12717760_NM_004064.4(CDKN1B):c.-80C|T_NM_004064.4_utr5_0_0_chr12_12717270_f_Ref_1",52.9329027915015,1
"5P_1_1_chr12_6944473_6944474_NM_138425.3(C12orf57):c.53-2A|G_NM_001301838.1_utr5_1_0_chr12_6944380_f_Ref_5",26.773078625863,0
"5P_1_1_chr13_28659089_28659090_NM_015932.5(POMP):c.-95delC_NM_015932.5_utr5_0_0_chr13_28659004_f_Mut_1",42.6899539747912,0
"5P_1_1_chr13_28659089_28659090_NM_015932.5(POMP):c.-95delC_NM_015932.5_utr5_0_0_chr13_28659004_f_Ref_1",63.0723745681062,0
"5P_1_1_chr15_90760144_90760145_NM_000057.3(BLM):c.1088-2A|G_NM_001287248.1_utr5_5_0_chr15_90759981_f_Mut_1",33.9106381186559,1
"5P_1_1_chr15_90760144_90760145_NM_000057.3(BLM):c.1088-2A|G_NM_001287248.1_utr5_5_0_chr15_90759981_f_Ref_3",50.4936165973788,1
"5P_1_1_chr16_17138533_17138534_NM_022166.3(XYLT1):c.1588-3C|T_NR_135179.1_utr5_2_0_chr16_17138242_f_Mut_1",153.910793530154,0
"5P_1_1_chr16_17138533_17138534_NM_022166.3(XYLT1):c.1588-3C|T_NR_135179.1_utr5_2_0_chr16_17138242_f_Ref_1",12.0213629712816,0
"5P_1_1_chr16_57639388_57639403_NM_005682.6(ADGRG1):c.-153-2202_-153-2188delCAACGGTTGCCAGGG_NM_001290144.1_utr5_0_0_chr16_57639295_f_Mut_1",63.6278183288475,0
"5P_1_1_chr16_57639388_57639403_NM_005682.6(ADGRG1):c.-153-2202_-153-2188delCAACGGTTGCCAGGG_NM_001290144.1_utr5_0_0_chr16_57639295_f_Ref_1",27.4723482006498,0
"5P_1_1_chr16_68813394_68813395_NM_004360.4(CDH1):c.1220delC_NM_001317185.1_utr5_8_0_chr16_68813313_f_Mut_1",89.4290451719979,0
"5P_1_1_chr16_68813394_68813395_NM_004360.4(CDH1):c.1220delC_NM_001317185.1_utr5_8_0_chr16_68813313_f_Ref_2",194.071640621908,0
"5P_1_1_chr16_68813495_68813496_NM_004360.4(CDH1):c.1320+1G|C_NM_001317185.1_utr5_8_0_chr16_68813313_f_Mut_1",51.5683171071253,1
"5P_1_1_chr16_68813495_68813496_NM_004360.4(CDH1):c.1320+1G|C_NM_001317185.1_utr5_8_0_chr16_68813313_f_Ref_1",14.5759118983416,1
"5P_1_1_chr16_89739289_89739290_NM_000135.2(FANCA):c.4011-1G|A_NR_110128.1_utr5_10_0_chr16_89737976_f_Mut_1",73.6514504490923,0
"5P_1_1_chr16_89739289_89739290_NM_000135.2(FANCA):c.4011-1G|A_NR_110128.1_utr5_10_0_chr16_89737976_f_Ref_1",54.3008692869568,0
"5P_1_1_chr17_42998747_42998748_NM_000988.4(RPL27):c.-2-1G|A_ENST00000589913.5_utr5_0_0_chr17_42998477_f_Mut_1",47.8577737260957,1
"5P_1_1_chr17_42998747_42998748_NM_000988.4(RPL27):c.-2-1G|A_ENST00000589913.5_utr5_0_0_chr17_42998477_f_Ref_1",15.4577240086581,1
"5P_1_1_chr17_77320192_77320193_NM_006640.4(SEPT9):c.-134G|C_NM_006640.4_utr5_0_0_chr17_77319515_f_Mut_1",43.6444061415187,1
"5P_1_1_chr17_77320192_77320193_NM_006640.4(SEPT9):c.-134G|C_NM_006640.4_utr5_0_0_chr17_77319515_f_Ref_1",29.609287607026,1
"5P_1_1_chr18_6956767_6956780_NM_005559.3(LAMA1):c.7965-15_7965-3del_NR_126040.1_utr5_1_0_chr18_6955366_f_Mut_1",346.900058721194,0
"5P_1_1_chr19_11089376_11089377_NM_000527.4(LDLR):c.-172G|A_NM_001195799.1_utr5_0_0_chr19_11089362_f_Mut_1",24.9478909026714,0
"5P_1_1_chr19_11089376_11089377_NM_000527.4(LDLR):c.-172G|A_NM_001195799.1_utr5_0_0_chr19_11089362_f_Ref_26",68.2189050112342,0
"5P_1_1_chr19_11089396_11089397_NM_000527.4(LDLR):c.-152C|T_NM_001195799.1_utr5_0_0_chr19_11089362_f_Mut_1",16.1944183681836,0
"5P_1_1_chr19_11089397_11089398_NM_000527.4(LDLR):c.-151C|G_NM_001195799.1_utr5_0_0_chr19_11089362_f_Mut_1",49.2919211753327,0
"5P_1_1_chr19_11089398_11089399_NM_000527.4(LDLR):c.-150A|G_NM_001195799.1_utr5_0_0_chr19_11089362_f_Mut_1",52.8596353083657,0
"5P_1_1_chr19_11089406_11089407_NM_000527.4(LDLR):c.-142C|G_NM_001195799.1_utr5_0_0_chr19_11089362_f_Mut_1",23.8781612240914,0
"5P_1_1_chr19_11089410_11089411_NM_000527.4(LDLR):c.-138delT_NM_001195799.1_utr5_0_0_chr19_11089362_f_Mut_1",41.6442339095695,0
"5P_1_1_chr19_11089413_11089414_NM_000527.4(LDLR):c.-135C|G_NM_001195799.1_utr5_0_0_chr19_11089362_f_Mut_1",25.2896535171455,0
"5P_1_1_chr19_11089450_11089451_NM_000527.4(LDLR):c.-98C|T_NM_001195799.1_utr5_0_0_chr19_11089362_f_Mut_1",57.4360939838485,0
"5P_1_1_chr19_11089450_11089451_NM_000527.4(LDLR):c.-98C|T_NM_001195799.1_utr5_0_0_chr19_11089362_f_Ref_1",58.5525453367969,0
"5P_1_1_chr19_48965329_48965335_NM_000146.3(FTL):c.-178_-173delTCTGTC_NM_000146.3_utr5_0_0_chr19_48965309_f_Mut_1",123.305981232355,1
"5P_1_1_chr19_48965329_48965335_NM_000146.3(FTL):c.-178_-173delTCTGTC_NM_000146.3_utr5_0_0_chr19_48965309_f_Ref_1",33.2161097217022,1
"5P_1_1_chr19_48965339_48965340_NM_000146.3(FTL):c.-168G|A_NM_000146.3_utr5_0_0_chr19_48965309_f_Mut_1",304.783739406939,1
"5P_1_1_chr19_48965339_48965340_NM_000146.3(FTL):c.-168G|A_NM_000146.3_utr5_0_0_chr19_48965309_f_Ref_11",38.4637600071576,1
"5P_1_1_chr19_48965339_48965340_NM_000146.3(FTL):c.-168G|C_NM_000146.3_utr5_0_0_chr19_48965309_f_Mut_1",42.0481812165776,1
"5P_1_1_chr19_48965339_48965340_NM_000146.3(FTL):c.-168G|T_NM_000146.3_utr5_0_0_chr19_48965309_f_Mut_1",72.2572340154278,1
"5P_1_1_chr19_48965343_48965344_NM_000146.3(FTL):c.-164C|A_NM_000146.3_utr5_0_0_chr19_48965309_f_Mut_1",60.3591321202437,1
"5P_1_1_chr19_48965343_48965344_NM_000146.3(FTL):c.-164C|T_NM_000146.3_utr5_0_0_chr19_48965309_f_Mut_1",67.6223665715732,1
"5P_1_1_chr19_48965346_48965347_NM_000146.3(FTL):c.-161C|T_NM_000146.3_utr5_0_0_chr19_48965309_f_Mut_1",30.4015041083304,1
"5P_1_1_chr19_48965347_48965348_NM_000146.3(FTL):c.-160A|G_NM_000146.3_utr5_0_0_chr19_48965309_f_Mut_1",92.4582332756253,1
"5P_1_1_chr19_48965348_48965349_NM_000146.3(FTL):c.-159G|C_NM_000146.3_utr5_0_0_chr19_48965309_f_Mut_1",256.274070330074,1
"5P_1_1_chr19_48965358_48965359_NM_000146.3(FTL):c.-149G|C_NM_000146.3_utr5_0_0_chr19_48965309_f_Mut_1",59.6051528835864,1
"5P_1_1_chr2_121530886_121530887_NR_023343.1(RNU4ATAC):n.8C|T_NR_023343.1_utr5_0_0_chr2_121530880_f_Mut_1",19.1054759884174,1
"5P_1_1_chr2_121530886_121530887_NR_023343.1(RNU4ATAC):n.8C|T_NR_023343.1_utr5_0_0_chr2_121530880_f_Ref_11",59.1461649968994,1
"5P_1_1_chr2_121530891_121530892_NR_023343.1(RNU4ATAC):n.13C|T_NR_023343.1_utr5_0_0_chr2_121530880_f_Mut_1",23.7281581116978,1
"5P_1_1_chr2_121530894_121530895_NR_023343.1(RNU4ATAC):n.16G|A_NR_023343.1_utr5_0_0_chr2_121530880_f_Mut_1",33.2681929211652,1
"5P_1_1_chr2_121530908_121530909_NR_023343.1(RNU4ATAC):r.30G|A_NR_023343.1_utr5_0_0_chr2_121530880_f_Mut_1",41.2675411201379,1
"5P_1_1_chr2_121530915_121530916_NR_023343.1(RNU4ATAC):n.37G|A_NR_023343.1_utr5_0_0_chr2_121530880_f_Mut_1",39.418618959359,1
"5P_1_1_chr2_121530926_121530927_NR_023343.1(RNU4ATAC):n.48G|A_NR_023343.1_utr5_0_0_chr2_121530880_f_Mut_1",287.12913550314,1
"5P_1_1_chr2_121530928_121530929_NR_023343.1(RNU4ATAC):n.50G|A_NR_023343.1_utr5_0_0_chr2_121530880_f_Mut_1",27.1962220681906,1
"5P_1_1_chr2_121530928_121530929_NR_023343.1(RNU4ATAC):n.50G|C_NR_023343.1_utr5_0_0_chr2_121530880_f_Mut_1",52.3779595614989,1
"5P_1_1_chr2_121530929_121530930_NR_023343.1(RNU4ATAC):n.51G|A_NR_023343.1_utr5_0_0_chr2_121530880_f_Mut_1",53.1923055109053,1
"5P_1_1_chr2_121530931_121530932_NR_023343.1(RNU4ATAC):n.53C|G_NR_023343.1_utr5_0_0_chr2_121530880_f_Mut_1",78.8087380928996,1
"5P_1_1_chr2_121530933_121530934_NR_023343.1(RNU4ATAC):n.55G|A_NR_023343.1_utr5_0_0_chr2_121530880_f_Mut_1",42.9552121175683,1
"5P_1_1_chr2_121530944_121530945_NR_023343.1(RNU4ATAC):n.66G|C_NR_023343.1_utr5_0_0_chr2_121530880_f_Mut_1",31.7365871787197,1
"5P_1_1_chr2_121530944_121530945_NR_023343.1(RNU4ATAC):n.66G|C_NR_023343.1_utr5_0_0_chr2_121530880_f_Ref_1",52.8373875338197,1
"5P_1_1_chr2_121530989_121530990_NR_023343.1(RNU4ATAC):n.111G|A_NR_023343.1_utr5_0_0_chr2_121530880_f_Mut_1",13.8450939227612,1
"5P_1_1_chr2_121530996_121530997_NR_023343.1(RNU4ATAC):n.118T|C_NR_023343.1_utr5_0_0_chr2_121530880_f_Mut_1",43.2885678315705,1
"5P_1_1_chr2_121531002_121531003_NR_023343.1(RNU4ATAC):n.124G|A_NR_023343.1_utr5_0_0_chr2_121530880_f_Mut_1",34.5138696253497,1
"5P_1_1_chr2_178538944_178538945_NM_001256850.1(TTN):c.94066+1G|A_NR_038272.1_utr5_4_0_chr2_178538698_f_Mut_1",18.1137828265714,1
"5P_1_1_chr2_178538944_178538945_NM_001256850.1(TTN):c.94066+1G|A_NR_038272.1_utr5_4_0_chr2_178538698_f_Ref_1",20.7820471701527,1
"5P_1_1_chr2_178542262_178542263_NM_001256850.1(TTN):c.92569+1G|C_NR_038272.1_utr5_6_0_chr2_178542222_f_Mut_1",25.3382180845232,1
"5P_1_1_chr2_178542262_178542263_NM_001256850.1(TTN):c.92569+1G|C_NR_038272.1_utr5_6_0_chr2_178542222_f_Ref_3",61.4356269610222,1
"5P_1_1_chr2_202376527_202376529_NM_001204.6(BMPR2):c.-947_-946delGCinsAT_NM_001204.6_utr5_0_0_chr2_202376327_f_Ref_1",51.4142828715524,0
"5P_1_1_chr20_25407772_25407773_NM_021067.4(GINS1):c.-48C|G_NM_021067.4_utr5_0_0_chr20_25407683_f_Mut_2",29.4807324618951,1
"5P_1_1_chr20_25407772_25407773_NM_021067.4(GINS1):c.-48C|G_NM_021067.4_utr5_0_0_chr20_25407683_f_Ref_2",60.6439212950364,1
"5P_1_1_chr22_19723409_19723410_NM_000407.4(GP1BB):c.-160C|G_NR_037611.1_utr5_10_0_chr22_19722428_f_Mut_1",81.9401931070579,0
"5P_1_1_chr22_20061683_20061684_NM_152906.6(TANGO2):c.605+1G|A_NR_136206.1_utr5_4_0_chr22_20061530_f_Mut_1",103.78452680145,0
"5P_1_1_chr3_128896490_128896491_NR_033426.1(ACAD9):n.887C|T_NR_033426.1_utr5_4_0_chr3_128896436_f_Mut_1",229.240907651988,0
"5P_1_1_chr3_128896490_128896491_NR_033426.1(ACAD9):n.887C|T_NR_033426.1_utr5_4_0_chr3_128896436_f_Ref_3",24.0191935064995,0
"5P_1_1_chr3_46370770_46370771_NM_000579.3(CCR5):c.-229C|T_NM_000579.3_utr5_1_0_chr3_46370700_f_Mut_2",21.6575819733517,1
"5P_1_1_chr3_46370770_46370771_NM_000579.3(CCR5):c.-229C|T_NM_000579.3_utr5_1_0_chr3_46370700_f_Ref_2",44.6202441610745,1
"5P_1_1_chr3_49171661_49171662_NM_173546.2(KLHDC8B):c.-158C|T_NM_173546.2_utr5_0_0_chr3_49171585_f_Mut_1",166.917672084319,0
"5P_1_1_chr3_49171661_49171662_NM_173546.2(KLHDC8B):c.-158C|T_NM_173546.2_utr5_0_0_chr3_49171585_f_Ref_1",294.043096818657,0
"5P_1_1_chr5_112707525_112707526_NM_001127511.2(APC):c.-192A|G_NM_001127511.2_utr5_0_0_chr5_112707505_f_Mut_2",44.3192061112922,0
"5P_1_1_chr5_112707525_112707526_NM_001127511.2(APC):c.-192A|G_NM_001127511.2_utr5_0_0_chr5_112707505_f_Ref_23",24.8859877665696,0
"5P_1_1_chr5_112707525_112707526_NM_001127511.2(APC):c.-192A|T_NM_001127511.2_utr5_0_0_chr5_112707505_f_Mut_2",46.3350914871186,0
"5P_1_1_chr5_112707526_112707527_NM_001127511.2(APC):c.-191T|C_NM_001127511.2_utr5_0_0_chr5_112707505_f_Mut_2",62.8643439985134,0
"5P_1_1_chr5_112707527_112707528_NM_000038.5(APC):c.-30416G|A_NM_001127511.2_utr5_0_0_chr5_112707505_f_Mut_2",111.690675560664,0
"5P_1_1_chr5_36876936_36876938_NM_015384.4(NIPBL):c.-321_-320delCCinsA_NM_133433.3_utr5_0_0_chr5_36876759_f_Mut_1",97.3097314313987,1
"5P_1_1_chr5_36876936_36876938_NM_015384.4(NIPBL):c.-321_-320delCCinsA_NM_133433.3_utr5_0_0_chr5_36876759_f_Ref_1",102.580290452503,1
"5P_1_1_chr6_136822620_136822621_NM_000288.3(PEX7):c.-45C|T_NM_000288.3_utr5_0_0_chr6_136822564_f_Mut_1",54.3890248475868,0
"5P_1_1_chr6_136822620_136822621_NM_000288.3(PEX7):c.-45C|T_NM_000288.3_utr5_0_0_chr6_136822564_f_Ref_7",99.9887963029388,0
"5P_1_1_chr7_117479992_117479993_NM_000492.3(CFTR):c.-102A=_NM_000492.3_utr5_0_0_chr7_117479963_f_Mut_1",18.9114582982177,0
"5P_1_1_chr7_154305154_154305155_NM_001039350.2(DPP6):c.52-141059C|T_ENST00000332007.7_utr5_0_0_chr7_154305110_f_Mut_2",20.5434316746512,1
"5P_1_1_chr7_154305154_154305155_NM_001039350.2(DPP6):c.52-141059C|T_ENST00000332007.7_utr5_0_0_chr7_154305110_f_Ref_2",67.4217437063882,1
"5P_1_1_chr8_22201443_22201444_NM_001199.3(BMP1):c.*241T|C_NR_033404.1_utr5_15_0_chr8_22201118_f_Mut_1",36.119750698259,1
"5P_1_1_chrX_19355684_19355685_NM_000284.3(PDHA1):c.760-1G|T_ENST00000379804.1_utr5_0_0_chrX_19355582_f_Mut_1",24.138842935611,1
"5P_1_1_chrX_19355684_19355685_NM_000284.3(PDHA1):c.760-1G|T_ENST00000379804.1_utr5_0_0_chrX_19355582_f_Ref_1",25.3417084063453,1
"5P_1_1_chrX_48824893_48824894_NM_006044.3(HDAC6):c.*282A|T_NR_135591.1_utr5_26_0_chrX_48824544_f_Mut_1",33.7894977363059,0
"5P_1_1_chrX_48824893_48824894_NM_006044.3(HDAC6):c.*282A|T_NR_135591.1_utr5_26_0_chrX_48824544_f_Ref_1",30.3346263983835,0
"5P_1_1_chrX_624522_624523_NM_000451.3(SHOX):c.-512C|A_NM_006883.2_utr5_0_0_chrX_624344_f_Ref_2",64.5346825021111,1
"5P_1_1_chrX_624527_624528_NM_000451.3(SHOX):c.-507G|C_NM_006883.2_utr5_0_0_chrX_624344_f_Mut_2",48.7180418847234,1
"5P_1_1_chrX_624527_624528_NM_000451.3(SHOX):c.-507G|C_NM_006883.2_utr5_0_0_chrX_624344_f_Ref_2",51.4527833929505,1
"5P_1_1_chrX_71223248_71223249_NM_000166.5(GJB1):c.-103C|T_NM_000166.5_utr5_0_0_chrX_71223206_f_Mut_2",17.0941625412928,0
"5P_1_1_chrX_71223248_71223249_NM_000166.5(GJB1):c.-103C|T_NM_000166.5_utr5_0_0_chrX_71223206_f_Ref_3",59.4045341624948,0
"5P_1_1_chrX_71529784_71529785_NR_104387.1(TAF1):n.5894C|T_NR_104396.1_utr5_2_0_chrX_71529713_f_Mut_1",120.984218482057,1
"5P_1_1_chrX_71529784_71529785_NR_104387.1(TAF1):n.5894C|T_NR_104396.1_utr5_2_0_chrX_71529713_f_Ref_1",35.1794752900297,1
"5P_1_2_chr1_161362510_161362511_NM_003001.3(SDHC):c.*78G|A_NR_103459.1_utr5_6_0_chr1_161362329_f_Ref_1",17.1761350090872,1
"5P_1_2_chr1_193122196_193122197_NM_024529.4(CDC73):c.-4dupG_NM_024529.4_utr5_0_0_chr1_193121958_f_Mut_1",97.4340670703842,0
"5P_1_2_chr1_193122196_193122197_NM_024529.4(CDC73):c.-4dupG_NM_024529.4_utr5_0_0_chr1_193121958_f_Ref_2",32.6187504423564,0
"5P_1_2_chr1_45340207_45340208_NM_001128425.1(MUTYH):c.36+11C|T_NM_025077.3_utr5_0_0_chr1_45339670_f_Ref_21",49.626587487599,0
"5P_1_2_chr1_55063658_55063659_NM_174936.3(PCSK9):c.*75C|T_NR_110451.1_utr5_9_0_chr1_55063369_f_Mut_1",69.5436656483945,0
"5P_1_2_chr1_55063658_55063659_NM_174936.3(PCSK9):c.*75C|T_NR_110451.1_utr5_9_0_chr1_55063369_f_Ref_1",39.6394112121387,0
"5P_1_2_chr10_27504349_27504350_NM_021252.4(RAB18):c.-20C|T_NM_001256415.1_utr5_0_0_chr10_27504174_f_Ref_2",35.0787972695095,0
"5P_1_2_chr10_87863273_87863285_NM_000314.6(PTEN):c.-1195_-1184delAAGCCGCAGCAA_ENST00000371953.7_utr5_0_0_chr10_87863113_f_Mut_1",67.3532073181981,0
"5P_1_2_chr10_87863326_87863327_NM_000314.6(PTEN):c.-1142C|T_ENST00000371953.7_utr5_0_0_chr10_87863113_f_Mut_1",72.1802978025396,0
"5P_1_2_chr10_87863384_87863385_NM_000314.6(PTEN):c.-1084C|T_ENST00000371953.7_utr5_0_0_chr10_87863113_f_Mut_1",82.5329415655004,0
"5P_1_2_chr10_87863384_87863385_NM_000314.6(PTEN):c.-1084C|T_ENST00000371953.7_utr5_0_0_chr10_87863113_f_Ref_1",88.3560372103235,0
"5P_1_2_chr10_87863559_87863560_NM_000314.6(PTEN):c.-909T|C_NM_001304718.1_utr5_0_0_chr10_87863438_f_Mut_1",59.0332243563907,0
"5P_1_2_chr10_87863634_87863635_NM_000314.6(PTEN):c.-834C|T_NM_001304718.1_utr5_0_0_chr10_87863438_f_Mut_1",467.163227570604,1
"5P_1_2_chr10_87863634_87863635_NM_000314.6(PTEN):c.-834C|T_NM_001304718.1_utr5_0_0_chr10_87863438_f_Ref_1",150.24194448067,1
"5P_1_2_chr10_87863670_87863671_NM_000314.6(PTEN):c.-798G|C_NM_001304718.1_utr5_0_0_chr10_87863438_f_Ref_1",13.6738637443679,1
"5P_1_2_chr10_87863704_87863705_NM_000314.6(PTEN):c.-764G|A_NM_001304718.1_utr5_0_0_chr10_87863438_f_Ref_1",62.488162546011,1
"5P_1_2_chr10_88935366_88935367_NM_001613.2(ACTA2):c.991-1G|C_NR_125373.1_utr5_2_0_chr10_88934898_f_Mut_1",27.7904323859837,0
"5P_1_2_chr10_88935366_88935367_NM_001613.2(ACTA2):c.991-1G|C_NR_125373.1_utr5_2_0_chr10_88934898_f_Ref_1",10.6505363336499,0
"5P_1_2_chr11_108227593_108227594_NM_000051.3(ATM):c.-30-1G|T_ENST00000530958.5_utr5_0_0_chr11_108223103_f_Ref_1",25.3011785644692,1
"5P_1_2_chr11_112094875_112094876_NM_003002.3(SDHD):c.386delT_NR_077060.1_utr5_4_0_chr11_112094805_f_Mut_1",29.7927626220259,1
"5P_1_2_chr11_112094875_112094876_NM_003002.3(SDHD):c.386delT_NR_077060.1_utr5_4_0_chr11_112094805_f_Ref_1",61.9863296129311,1
"5P_1_2_chr11_126269175_126269176_NM_017547.3(FOXRED1):c.-31A|G_NM_017547.3_utr5_0_0_chr11_126269040_f_Mut_1",38.7813983665048,1
"5P_1_2_chr11_126269175_126269176_NM_017547.3(FOXRED1):c.-31A|G_NM_017547.3_utr5_0_0_chr11_126269040_f_Ref_2",64.2734770542786,1
"5P_1_2_chr11_61364366_61364367_NM_016464.4(TMEM138):c.-24G|A_NM_016464.4_utr5_1_0_chr11_61364252_f_Mut_1",168.019159632407,0
"5P_1_2_chr11_61364366_61364367_NM_016464.4(TMEM138):c.-24G|A_NM_016464.4_utr5_1_0_chr11_61364252_f_Ref_1",44.9971254941216,0
"5P_1_2_chr11_61392666_61392667_NM_001173990.2(TMEM216):c.34+2T|C_NM_016499.5_utr5_0_0_chr11_61392393_f_Mut_1",43.7646225623326,0
"5P_1_2_chr11_61392666_61392667_NM_001173990.2(TMEM216):c.34+2T|C_NM_016499.5_utr5_0_0_chr11_61392393_f_Ref_3",62.7628404044685,0
"5P_1_2_chr11_67606959_67606960_NM_007103.3(NDUFV1):c.-45T|G_NM_001166102.1_utr5_0_0_chr11_67606852_f_Mut_1",52.2320645804959,0
"5P_1_2_chr11_72095010_72095011_NM_001145308.4(LRTOMT):c.-52G|C_NM_001145308.4_utr5_2_0_chr11_72094948_f_Mut_1",29.6547394342009,0
"5P_1_2_chr11_72095010_72095011_NM_001145308.4(LRTOMT):c.-52G|C_NM_001145308.4_utr5_2_0_chr11_72094948_f_Ref_3",42.0059115904835,0
"5P_1_2_chr12_123671238_123671239_NM_024809.4(TCTN2):c.-2G|A_NM_001143850.2_utr5_0_0_chr12_123671113_f_Mut_1",60.3407125804129,0
"5P_1_2_chr12_123671238_123671239_NM_024809.4(TCTN2):c.-2G|A_NM_001143850.2_utr5_0_0_chr12_123671113_f_Ref_3",156.569973698368,0
"5P_1_2_chr12_12717810_12717814_NM_004064.4(CDKN1B):c.-29_-26delAGAG_NM_004064.4_utr5_0_0_chr12_12717270_f_Mut_1",90.951267204185,1
"5P_1_2_chr12_12717810_12717814_NM_004064.4(CDKN1B):c.-29_-26delAGAG_NM_004064.4_utr5_0_0_chr12_12717270_f_Ref_1",66.0015704976784,1
"5P_1_2_chr12_32576321_32576322_NM_139241.3(FGD4):c.-36C|A_NM_001304483.1_utr5_2_0_chr12_32576266_f_Mut_1",13.7846130812354,1
"5P_1_2_chr12_32576321_32576322_NM_139241.3(FGD4):c.-36C|A_NM_001304483.1_utr5_2_0_chr12_32576266_f_Ref_1",28.6204344528845,1
"5P_1_2_chr12_51591346_51591347_NM_014191.3(SCN8A):c.-67C|T_NM_001177984.2_utr5_0_0_chr12_51591236_f_Mut_1",34.3293752727801,0
"5P_1_2_chr12_51907648_51907649_NM_000020.2(ACVRL1):c.-52G|A_NM_000020.2_utr5_0_0_chr12_51907418_f_Mut_1",35.1479447317715,0
"5P_1_2_chr13_23181069_23181070_NM_000231.2(SGCG):c.-6T|C_NM_000231.2_utr5_0_0_chr13_23180921_f_Mut_1",21.730315042345,1
"5P_1_2_chr13_23181069_23181070_NM_000231.2(SGCG):c.-6T|C_NM_000231.2_utr5_0_0_chr13_23180921_f_Ref_1",25.4165632213134,1
"5P_1_2_chr13_27920120_27920121_NM_000209.3(PDX1):c.-18C|T_NM_000209.3_utr5_0_0_chr13_27920031_f_Mut_1",125.784477729948,0
"5P_1_2_chr13_27920120_27920121_NM_000209.3(PDX1):c.-18C|T_NM_000209.3_utr5_0_0_chr13_27920031_f_Ref_2",101.34474275976,0
"5P_1_2_chr13_32315655_32315656_NM_000059.3(BRCA2):c.-51C|T_NM_000059.3_utr5_0_0_chr13_32315480_f_Mut_1",83.5887482910072,1
"5P_1_2_chr13_32315655_32315656_NM_000059.3(BRCA2):c.-51C|T_NM_000059.3_utr5_0_0_chr13_32315480_f_Ref_2",29.2249877876246,1
"5P_1_2_chr13_32315665_32315666_NM_000059.3(BRCA2):c.-41G|A_NM_000059.3_utr5_0_0_chr13_32315480_f_Mut_1",209.551601725395,1
"5P_1_2_chr13_39655706_39655706_NM_020751.2(COG6):c.-21_-20insC_NM_020751.2_utr5_0_0_chr13_39655627_f_Ref_4",85.401436807481,0
"5P_1_2_chr14_58428235_58428236_NM_001244189.1(KIAA0586):c.10-2A|C_NM_014749.3_utr5_0_0_chr14_58427992_f_Mut_1",32.3919890912472,1
"5P_1_2_chr14_58428235_58428236_NM_001244189.1(KIAA0586):c.10-2A|C_NM_014749.3_utr5_0_0_chr14_58427992_f_Ref_1",26.9195691246914,1
"5P_1_2_chr14_65093705_65093706_NM_002382.4(MAX):c.171+2T|A_NR_045122.1_utr5_2_0_chr14_65093632_f_Mut_1",127.328869222673,0
"5P_1_2_chr14_65093705_65093706_NM_002382.4(MAX):c.171+2T|A_NR_045122.1_utr5_2_0_chr14_65093632_f_Ref_1",302.922375207992,0
"5P_1_2_chr14_88824682_88824683_NM_144596.3(TTC8):c.-25G|A_NM_001288783.1_utr5_1_0_chr14_88824574_f_Mut_1",76.3938335540856,0
"5P_1_2_chr14_88824682_88824683_NM_144596.3(TTC8):c.-25G|A_NM_001288783.1_utr5_1_0_chr14_88824574_f_Ref_1",73.1317832351709,0
"5P_1_2_chr15_80153020_80153021_NM_000137.2(FAH):c.-34C|T_NM_000137.2_utr5_0_0_chr15_80152891_f_Ref_3",30.5167314691026,0
"5P_1_2_chr16_2496049_2496050_NM_020705.2(TBC1D24):c.-99C|G_NM_020705.2_utr5_1_0_chr16_2496034_f_Mut_1",103.308510139702,1
"5P_1_2_chr16_2496049_2496050_NM_020705.2(TBC1D24):c.-99C|G_NM_020705.2_utr5_1_0_chr16_2496034_f_Ref_6",18.1193529196383,1
"5P_1_2_chr16_50699480_50699481_NM_022162.2(NOD2):c.74-7T|A_NM_001293557.1_utr5_0_0_chr16_50699350_f_Mut_1",22.1162444964027,0
"5P_1_2_chr16_50699480_50699481_NM_022162.2(NOD2):c.74-7T|A_NM_001293557.1_utr5_0_0_chr16_50699350_f_Ref_1",86.0918166027009,0
"5P_1_2_chr16_89738880_89738881_NM_000135.2(FANCA):c.4260+1G|A_NR_110128.1_utr5_10_0_chr16_89737976_f_Mut_1",51.1295353236764,1
"5P_1_2_chr16_89739558_89739559_NM_000135.2(FANCA):c.3935-6T|C_NR_110128.1_utr5_10_0_chr16_89737976_f_Mut_1",275.914614011182,0
"5P_1_2_chr16_89739558_89739559_NM_000135.2(FANCA):c.3935-6T|C_NR_110128.1_utr5_10_0_chr16_89737976_f_Ref_1",22.6107199050074,0
"5P_1_2_chr16_89739561_89739562_NM_000135.2(FANCA):c.3935-9G|A_NR_110128.1_utr5_10_0_chr16_89737976_f_Mut_1",75.9250097012265,0
"5P_1_2_chr16_89739561_89739562_NM_000135.2(FANCA):c.3935-9G|A_NR_110128.1_utr5_10_0_chr16_89737976_f_Ref_1",25.8148671540565,0
"5P_1_2_chr17_15999508_15999509_NM_017775.3(TTC19):c.-340G|C_NM_001271420.1_utr5_0_0_chr17_15999380_f_Mut_1",151.484977087094,0
"5P_1_2_chr17_15999670_15999671_NM_017775.3(TTC19):c.-178C|T_NM_001271420.1_utr5_0_0_chr17_15999380_f_Mut_1",59.5580321248827,0
"5P_1_2_chr17_15999670_15999671_NM_017775.3(TTC19):c.-178C|T_NM_001271420.1_utr5_0_0_chr17_15999380_f_Ref_1",137.669710043628,0
"5P_1_2_chr17_15999741_15999742_NM_017775.3(TTC19):c.-107A|T_NM_001271420.1_utr5_0_0_chr17_15999380_f_Mut_1",63.9853916287435,0
"5P_1_2_chr17_15999741_15999742_NM_017775.3(TTC19):c.-107A|T_NM_001271420.1_utr5_0_0_chr17_15999380_f_Ref_1",30.2019567043578,0
"5P_1_2_chr17_44076044_44076045_NM_138387.3(G6PC3):c.*2T|C_NR_028581.1_utr5_6_0_chr17_44075680_f_Mut_1",38.9694011906733,0
"5P_1_2_chr17_44076044_44076045_NM_138387.3(G6PC3):c.*2T|C_NR_028581.1_utr5_6_0_chr17_44075680_f_Ref_1",25.8259932071403,0
"5P_1_2_chr17_46923221_46923222_NM_004287.4(GOSR2):c.29+1G|A_NM_001321134.1_utr5_0_0_chr17_46923117_f_Mut_1",20.9973610415593,0
"5P_1_2_chr17_46923228_46923229_NM_004287.4(GOSR2):c.29+8C|T_NM_001321134.1_utr5_0_0_chr17_46923117_f_Mut_1",33.0157812189561,0
"5P_1_2_chr17_46923233_46923234_NM_004287.4(GOSR2):c.29+13C|T_NM_001321134.1_utr5_0_0_chr17_46923117_f_Mut_1",25.0850967506207,0
"5P_1_2_chr17_50175446_50175447_NM_000023.3(SGCA):c.*10C|G_NR_135553.1_utr5_7_0_chr17_50175257_f_Mut_1",20.9143860883188,0
"5P_1_2_chr17_50175446_50175447_NM_000023.3(SGCA):c.*10C|G_NR_135553.1_utr5_7_0_chr17_50175257_f_Ref_4",57.7110494809612,0
"5P_1_2_chr17_58695190_58695191_NM_058216.2(RAD51C):c.404+2T|C_NR_103873.1_utr5_1_0_chr17_58694931_f_Mut_1",26.8342086540689,1
"5P_1_2_chr17_58695190_58695191_NM_058216.2(RAD51C):c.404+2T|C_NR_103873.1_utr5_1_0_chr17_58694931_f_Ref_1",26.6264743135075,1
"5P_1_2_chr17_70169689_70169690_NM_000891.2(KCNJ2):c.-228C|T_NM_000891.2_utr5_0_0_chr17_70169535_f_Mut_1",20.539304299171,1
"5P_1_2_chr17_70169689_70169690_NM_000891.2(KCNJ2):c.-228C|T_NM_000891.2_utr5_0_0_chr17_70169535_f_Ref_2",305.723189344926,1
"5P_1_2_chr17_7220051_7220052_NM_000018.3(ACADVL):c.62+6T|C_NM_001270448.1_utr5_0_0_chr17_7219831_f_Mut_1",62.1997290668903,0
"5P_1_2_chr17_7220051_7220052_NM_000018.3(ACADVL):c.62+6T|C_NM_001270448.1_utr5_0_0_chr17_7219831_f_Ref_1",44.4934969912111,0
"5P_1_2_chr17_7583826_7583827_NM_004870.3(MPDU1):c.-36C|T_NM_004870.3_utr5_0_0_chr17_7583647_f_Mut_1",32.5398202547357,0
"5P_1_2_chr17_7583826_7583827_NM_004870.3(MPDU1):c.-36C|T_NM_004870.3_utr5_0_0_chr17_7583647_f_Ref_1",17.3787670021207,0
"5P_1_2_chr19_11089361_11089364_NM_000527.4(LDLR):c.-187_-185delCTC_NM_001195799.1_utr5_0_0_chr19_11089362_f_Mut_1",26.4566171609424,0
"5P_1_2_chr19_11089361_11089364_NM_000527.4(LDLR):c.-187_-185delCTC_NM_001195799.1_utr5_0_0_chr19_11089362_f_Ref_2",37.8096342980084,0
"5P_1_2_chr19_11089363_11089366_NM_000527.4(LDLR):c.-185_-183delCTT_NM_001195799.1_utr5_0_0_chr19_11089362_f_Mut_1",27.3810680194965,0
"5P_1_2_chr19_11089380_11089381_NM_000527.4(LDLR):c.-168A|G_NM_001195799.1_utr5_0_0_chr19_11089362_f_Mut_1",25.6931579133228,0
"5P_1_2_chr19_11089392_11089393_NM_000527.4(LDLR):c.-156C|T_NM_001195799.1_utr5_0_0_chr19_11089362_f_Mut_1",20.0481448376699,0
"5P_1_2_chr19_11089393_11089395_NM_000527.4(LDLR):c.-155_-154delACinsTTCTGCAAACTCCT_NM_001195799.1_utr5_0_0_chr19_11089362_f_Mut_1",56.0136726211165,0
"5P_1_2_chr19_11089393_11089395_NM_000527.4(LDLR):c.-155_-154delACinsTTCTGCAAACTCCT_NM_001195799.1_utr5_0_0_chr19_11089362_f_Ref_1",29.4000474026518,0
"5P_1_2_chr19_11089393_11089399_NM_000527.4(LDLR):c.-155_-150delACCCCA_NM_001195799.1_utr5_0_0_chr19_11089362_f_Mut_1",58.7291610488756,0
"5P_1_2_chr19_11089395_11089396_NM_000527.4(LDLR):c.-153C|T_NM_001195799.1_utr5_0_0_chr19_11089362_f_Mut_1",41.6406842291292,0
"5P_1_2_chr19_11089399_11089400_NM_000527.4(LDLR):c.-149C|A_NM_001195799.1_utr5_0_0_chr19_11089362_f_Mut_1",149.238237065469,0
"5P_1_2_chr19_11089408_11089409_NM_000527.4(LDLR):c.-140C|A_NM_001195799.1_utr5_0_0_chr19_11089362_f_Mut_1",69.2170926675932,0
"5P_1_2_chr19_11089408_11089409_NM_000527.4(LDLR):c.-140C|T_NM_001195799.1_utr5_0_0_chr19_11089362_f_Mut_1",23.4778310490782,0
"5P_1_2_chr19_11089410_11089411_NM_000527.4(LDLR):c.-138T|C_NM_001195799.1_utr5_0_0_chr19_11089362_f_Mut_1",73.3820109361663,0
"5P_1_2_chr19_11089412_11089413_NM_000527.4(LDLR):c.-136C|T_NM_001195799.1_utr5_0_0_chr19_11089362_f_Mut_1",164.689179281908,0
"5P_1_2_chr19_11089424_11089425_NM_000527.4(LDLR):c.-124dupA_NM_001195799.1_utr5_0_0_chr19_11089362_f_Mut_1",63.1064345294316,0
"5P_1_2_chr19_11089424_11089425_NM_000527.4(LDLR):c.-124dupA_NM_001195799.1_utr5_0_0_chr19_11089362_f_Ref_1",48.8696771078745,0
"5P_1_2_chr19_11089427_11089428_NM_000527.4(LDLR):c.-121T|C_NM_001195799.1_utr5_0_0_chr19_11089362_f_Mut_1",123.570507317178,0
"5P_1_2_chr19_11089427_11089428_NM_000527.4(LDLR):c.-121T|C_NM_001195799.1_utr5_0_0_chr19_11089362_f_Ref_1",41.80196066691,0
"5P_1_2_chr19_11089428_11089429_NM_000527.4(LDLR):c.-120C|T_NM_001195799.1_utr5_0_0_chr19_11089362_f_Mut_1",23.6025609666189,0
"5P_1_2_chr19_11089428_11089429_NM_000527.4(LDLR):c.-120C|T_NM_001195799.1_utr5_0_0_chr19_11089362_f_Ref_1",39.5649109216545,0
"5P_1_2_chr19_11089447_11089448_NM_000527.4(LDLR):c.-101T|C_NM_001195799.1_utr5_0_0_chr19_11089362_f_Mut_1",30.9434296242813,0
"5P_1_2_chr19_11089447_11089448_NM_000527.4(LDLR):c.-101T|C_NM_001195799.1_utr5_0_0_chr19_11089362_f_Ref_1",66.5960316664642,0
"5P_1_2_chr19_11089449_11089450_NM_000527.4(LDLR):c.-99A|G_NM_001195799.1_utr5_0_0_chr19_11089362_f_Mut_1",51.9358491778384,0
"5P_1_2_chr19_11089449_11089450_NM_000527.4(LDLR):c.-99A|G_NM_001195799.1_utr5_0_0_chr19_11089362_f_Ref_1",18.1890006037296,0
"5P_1_2_chr19_11089451_11089452_NM_000527.4(LDLR):c.-97G|A_NM_001195799.1_utr5_0_0_chr19_11089362_f_Ref_1",29.7272416638879,0
"5P_1_2_chr19_11089460_11089461_NM_000527.4(LDLR):c.-88G|A_NM_001195799.1_utr5_0_0_chr19_11089362_f_Mut_1",70.3664047055367,0
"5P_1_2_chr19_11089460_11089461_NM_000527.4(LDLR):c.-88G|A_NM_001195799.1_utr5_0_0_chr19_11089362_f_Ref_1",46.8286833951039,0
"5P_1_2_chr19_11089512_11089513_NM_000527.4(LDLR):c.-36T|G_NM_001195799.1_utr5_0_0_chr19_11089362_f_Mut_1",15.6592407825174,0
"5P_1_2_chr19_1206911_1206912_NM_000455.4(STK11):c.-2G|T_NM_000455.4_utr5_0_0_chr19_1205799_f_Mut_1",20.397609127116,1
"5P_1_2_chr19_1206911_1206912_NM_000455.4(STK11):c.-2G|T_NM_000455.4_utr5_0_0_chr19_1205799_f_Ref_4",53.1439355017368,1
"5P_1_2_chr19_1206912_1206913_NM_000455.4(STK11):c.-1C|T_NM_000455.4_utr5_0_0_chr19_1205799_f_Mut_1",38.1333540921392,1
"5P_1_2_chr19_12899705_12899706_NM_000159.3(GCDH):c.*165A|G_NR_102316.1_utr5_11_0_chr19_12899468_f_Mut_1",34.984923596078,1
"5P_1_2_chr19_12899705_12899706_NM_000159.3(GCDH):c.*165A|G_NR_102316.1_utr5_11_0_chr19_12899468_f_Ref_1",17.7509746557824,1
"5P_1_2_chr19_12899828_12899829_NM_000159.3(GCDH):c.*288G|T_NR_102316.1_utr5_11_0_chr19_12899468_f_Mut_1",17.644852083931,1
"5P_1_2_chr19_12899828_12899829_NM_000159.3(GCDH):c.*288G|T_NR_102316.1_utr5_11_0_chr19_12899468_f_Ref_1",28.0359461612443,1
"5P_1_2_chr19_54191356_54191357_NM_024075.4(TSEN34):c.-4-4G|A_NM_001077446.3_utr5_0_0_chr19_54191214_f_Mut_1",20.2174237843995,0
"5P_1_2_chr19_54191356_54191357_NM_024075.4(TSEN34):c.-4-4G|A_NM_001077446.3_utr5_0_0_chr19_54191214_f_Ref_1",101.645116732809,0
"5P_1_2_chr19_57231149_57231150_NM_001015878.1(AURKC):c.-99dupC_NM_001015878.1_utr5_0_0_chr19_57231060_f_Ref_1",15.4748687424193,0
"5P_1_2_chr2_113236589_113236590_NM_003466.3(PAX8):c.898+11C|T_NR_015377.2_utr5_0_0_chr2_113236269_f_Mut_1",117.706596998108,0
"5P_1_2_chr2_113236589_113236590_NM_003466.3(PAX8):c.898+11C|T_NR_015377.2_utr5_0_0_chr2_113236269_f_Ref_3",391.08971146072,0
"5P_1_2_chr2_166294663_166294664_NM_002977.3(SCN9A):c.902-2A|C_NR_110260.1_utr5_8_0_chr2_166294565_f_Mut_1",27.5485096213846,1
"5P_1_2_chr2_166294663_166294664_NM_002977.3(SCN9A):c.902-2A|C_NR_110260.1_utr5_8_0_chr2_166294565_f_Ref_1",16.672993713062,1
"5P_1_2_chr2_178583913_178583914_NM_001256850.1(TTN):c.60353-8T|C_NR_038272.1_utr5_9_0_chr2_178583524_f_Mut_1",14.8008063793579,1
"5P_1_2_chr2_178583913_178583914_NM_001256850.1(TTN):c.60353-8T|C_NR_038272.1_utr5_9_0_chr2_178583524_f_Ref_1",50.2149741183214,1
"5P_1_2_chr2_178584667_178584668_NM_001256850.1(TTN):c.60049+1G|T_NR_038272.1_utr5_10_0_chr2_178584573_f_Mut_1",46.6395352740272,1
"5P_1_2_chr2_178584667_178584668_NM_001256850.1(TTN):c.60049+1G|T_NR_038272.1_utr5_10_0_chr2_178584573_f_Ref_1",13.5332178236768,1
"5P_1_2_chr2_178604985_178604986_NM_001267550.2(TTN):c.54190+1G|A_NR_038272.1_utr5_16_0_chr2_178604731_f_Mut_1",21.0475700745299,1
"5P_1_2_chr2_178604985_178604986_NM_001267550.2(TTN):c.54190+1G|A_NR_038272.1_utr5_16_0_chr2_178604731_f_Ref_1",41.5343708499219,1
"5P_1_2_chr2_178614753_178614754_NM_001267550.2(TTN):c.48761-1G|C_NR_038271.1_utr5_4_0_chr2_178614035_f_Ref_2",57.6178494063139,1
"5P_1_2_chr2_206765635_206765636_NM_014929.3(FASTKD2):c.-69C|T_NM_001136194.1_utr5_0_0_chr2_206765388_f_Mut_1",63.233701328064,0
"5P_1_2_chr2_206765635_206765636_NM_014929.3(FASTKD2):c.-69C|T_NM_001136194.1_utr5_0_0_chr2_206765388_f_Ref_1",44.0187187187373,0
"5P_1_2_chr2_210556704_210556705_NM_001875.4(CPS1):c.-29T|G_NM_001875.4_utr5_0_0_chr2_210556599_f_Mut_1",22.8502520264991,1
"5P_1_2_chr2_218660399_218660400_NM_004328.4(BCS1L):c.-50+155T|A_NM_001320717.1_utr5_1_0_chr2_218660307_f_Mut_1",69.7643195610734,0
"5P_1_2_chr2_218660399_218660400_NM_004328.4(BCS1L):c.-50+155T|A_NM_001320717.1_utr5_1_0_chr2_218660307_f_Ref_1",10.9757605235351,0
"5P_1_2_chr2_218782176_218782177_NM_000784.3(CYP27A1):c.-6C|T_NM_000784.3_utr5_0_0_chr2_218781749_f_Mut_1",46.8844343013243,0
"5P_1_2_chr2_232130728_232130729_NM_152383.4(DIS3L2):c.702+10T|G_NR_046477.1_utr5_6_0_chr2_232130619_f_Mut_1",29.6276394861963,1
"5P_1_2_chr2_232130728_232130729_NM_152383.4(DIS3L2):c.702+10T|G_NR_046477.1_utr5_6_0_chr2_232130619_f_Ref_1",73.851975669084,1
"5P_1_2_chr2_47403012_47403013_NM_000251.2(MSH2):c.-68-111C|T_ENST00000233146.6_utr5_0_0_chr2_47402969_f_Mut_1",97.6982572040269,1
"5P_1_2_chr2_47403012_47403013_NM_000251.2(MSH2):c.-68-111C|T_ENST00000233146.6_utr5_0_0_chr2_47402969_f_Ref_17",90.3688593539142,0
"5P_1_2_chr2_47403113_47403115_NM_000251.2(MSH2):c.-68-10_-68-9del_NM_000251.2_utr5_0_0_chr2_47403067_f_Ref_1",65.9494700866007,1
"5P_1_2_chr2_47403118_47403119_NM_000251.2(MSH2):c.-68-5G|A_NM_000251.2_utr5_0_0_chr2_47403067_f_Mut_1",222.027455387393,1
"5P_1_2_chr2_47403118_47403119_NM_000251.2(MSH2):c.-68-5G|A_NM_000251.2_utr5_0_0_chr2_47403067_f_Ref_21",39.6146165037366,1
"5P_1_2_chr2_47403182_47403183_NM_000251.2(MSH2):c.-9G|C_NM_000251.2_utr5_0_0_chr2_47403067_f_Mut_1",36.314821484067,1
"5P_1_2_chr2_47403182_47403183_NM_000251.2(MSH2):c.-9G|C_NM_000251.2_utr5_0_0_chr2_47403067_f_Ref_14",51.7013146429392,1
"5P_1_2_chr2_47783231_47783232_NM_000179.2(MSH6):c.-2G|T_NM_001281493.1_utr5_0_0_chr2_47783082_f_Mut_1",108.82607900953,1
"5P_1_2_chr2_47783231_47783232_NM_000179.2(MSH6):c.-2G|T_NM_001281493.1_utr5_0_0_chr2_47783082_f_Ref_1",40.3468683910021,1
"5P_1_2_chr20_3923333_3923334_NM_153638.3(PANK2):c.*40G|C_NR_136715.1_utr5_6_0_chr20_3923244_f_Mut_1",35.11815107575,1
"5P_1_2_chr20_3923333_3923334_NM_153638.3(PANK2):c.*40G|C_NR_136715.1_utr5_6_0_chr20_3923244_f_Ref_1",11.448194279052,1
"5P_1_2_chr22_46357013_46357014_NM_018006.4(TRMU):c.*8G|C_NR_104241.1_utr5_9_0_chr22_46356842_f_Mut_1",20.1007368292481,0
"5P_1_2_chr22_46357013_46357014_NM_018006.4(TRMU):c.*8G|C_NR_104241.1_utr5_9_0_chr22_46356842_f_Ref_1",66.644552802395,0
"5P_1_2_chr3_10141842_10141843_NM_000551.3(VHL):c.-5A|C_NM_198156.2_utr5_0_0_chr3_10141635_f_Mut_1",34.4413689835885,0
"5P_1_2_chr3_12484877_12484878_NM_025265.3(TSEN2):c.-20G|A_NM_025265.3_utr5_0_0_chr3_12484511_f_Mut_1",48.1492244244928,0
"5P_1_2_chr3_12484877_12484878_NM_025265.3(TSEN2):c.-20G|A_NM_025265.3_utr5_0_0_chr3_12484511_f_Ref_1",234.288519452457,0
"5P_1_2_chr3_128879647_128879651_NM_014049.4(ACAD9):c.-44_-41dupTAAG_NM_014049.4_utr5_0_0_chr3_128879490_f_Mut_1",52.8949917688905,0
"5P_1_2_chr3_128879647_128879651_NM_014049.4(ACAD9):c.-44_-41dupTAAG_NM_014049.4_utr5_0_0_chr3_128879490_f_Ref_1",70.929439090083,0
"5P_1_2_chr3_158644596_158644597_NM_024996.5(GFM1):c.-38C|T_NM_001308166.1_utr5_0_0_chr3_158644528_f_Mut_1",84.5416868009063,0
"5P_1_2_chr3_33114042_33114043_NM_006371.4(CRTAP):c.-35C|T_NM_006371.4_utr5_0_0_chr3_33113958_f_Mut_1",56.8830614591896,0
"5P_1_2_chr3_33114042_33114043_NM_006371.4(CRTAP):c.-35C|T_NM_006371.4_utr5_0_0_chr3_33113958_f_Ref_1",197.007197919729,0
"5P_1_2_chr4_119135954_119135955_NM_016599.4(MYOZ2):c.-42C|T_NM_016599.4_utr5_0_0_chr4_119135784_f_Mut_1",81.3512058317452,0
"5P_1_2_chr4_119135954_119135955_NM_016599.4(MYOZ2):c.-42C|T_NM_016599.4_utr5_0_0_chr4_119135784_f_Ref_1",15.9765951636489,0
"5P_1_2_chr5_161850806_161850807_NM_000806.5(GABRA1):c.-4C|T_NM_001127648.1_utr5_0_0_chr5_161850697_f_Mut_1",14.6284450415268,0
"5P_1_2_chr5_161850806_161850807_NM_000806.5(GABRA1):c.-4C|T_NM_001127648.1_utr5_0_0_chr5_161850697_f_Ref_2",15.3540959239211,0
"5P_1_2_chr5_218348_218349_NM_004168.3(SDHA):c.-7A|C_NM_001294332.1_utr5_0_0_chr5_218223_f_Mut_1",107.332380219654,0
"5P_1_2_chr5_218348_218349_NM_004168.3(SDHA):c.-7A|C_NM_001294332.1_utr5_0_0_chr5_218223_f_Ref_5",28.3435360844248,0
"5P_1_2_chr5_71587387_71587388_NM_022132.4(MCCC2):c.-38G|A_NM_022132.4_utr5_0_0_chr5_71587288_f_Ref_1",14.5280113163851,0
"5P_1_2_chr5_87268994_87268995_NM_002890.2(RASA1):c.539+5G|A_NM_022650.2_utr5_0_0_chr5_87268924_f_Mut_1",169.559152374962,0
"5P_1_2_chr5_87268994_87268995_NM_002890.2(RASA1):c.539+5G|A_NM_022650.2_utr5_0_0_chr5_87268924_f_Ref_1",14.4129126264539,0
"5P_1_2_chr6_143451038_143451039_NM_003630.2(PEX3):c.-4A|G_NM_003630.2_utr5_0_0_chr6_143450781_f_Mut_1",10.5439694519729,0
"5P_1_2_chr6_143451038_143451039_NM_003630.2(PEX3):c.-4A|G_NM_003630.2_utr5_0_0_chr6_143450781_f_Ref_1",55.6176774912818,0
"5P_1_2_chr7_107660755_107660756_NM_000441.1(SLC26A4):c.-103T|C_NM_000441.1_utr5_0_0_chr7_107660635_f_Mut_1",44.396529995232,1
"5P_1_2_chr7_107660755_107660756_NM_000441.1(SLC26A4):c.-103T|C_NM_000441.1_utr5_0_0_chr7_107660635_f_Ref_1",15.8142373210132,1
"5P_1_2_chr7_146116827_146116828_NM_014141.5(CNTNAP2):c.-49T|G_NM_014141.5_utr5_0_0_chr7_146116361_f_Mut_1",41.2331480295402,0
"5P_1_2_chr7_146116827_146116828_NM_014141.5(CNTNAP2):c.-49T|G_NM_014141.5_utr5_0_0_chr7_146116361_f_Ref_2",14.7680746416327,0
"5P_1_2_chr7_66076050_66076051_NM_000048.3(ASL):c.-31G|A_NM_001024946.1_utr5_0_0_chr7_66075847_f_Mut_1",32.4832018356749,0
"5P_1_2_chr7_76302693_76302694_NM_001540.4(HSPB1):c.-19C|T_NM_001540.3_utr5_0_0_chr7_76302558_f_Mut_1",25.6466242234302,0
"5P_1_2_chr7_76302693_76302694_NM_001540.4(HSPB1):c.-19C|T_NM_001540.3_utr5_0_0_chr7_76302558_f_Ref_2",136.05319729786,0
"5P_1_2_chr8_22165279_22165280_NM_006129.4(BMP1):c.-126G|A_NM_001199.3_utr5_0_0_chr8_22165140_f_Mut_1",39.5183848212204,0
"5P_1_2_chr9_127451658_127451659_NM_138361.5(LRSAM1):c.-458A|G_NM_138361.5_utr5_0_0_chr9_127451486_f_Ref_1",15.6480135682839,0
"5P_1_2_chr9_95469798_95469799_NM_000264.4(PTCH1):c.1847+14C|T_NR_038982.1_utr5_3_0_chr9_95468659_f_Mut_1",41.8464476502133,0
"5P_1_2_chr9_95469798_95469799_NM_000264.4(PTCH1):c.1847+14C|T_NR_038982.1_utr5_3_0_chr9_95468659_f_Ref_1",186.901136354465,0
"5P_1_2_chrX_123912360_123912361_NM_001167.3(XIAP):c.*5180dupA_NR_037916.1_utr5_5_0_chrX_123906988_f_Mut_1",16.4733173962834,1
"5P_1_2_chrX_123912360_123912361_NM_001167.3(XIAP):c.*5180dupA_NR_037916.1_utr5_5_0_chrX_123906988_f_Ref_1",15.3507657435949,1
"5P_1_4_chr14_35292468_35292469_NM_002791.2(PSMA6):c.-8C|G_NM_001282232.1_utr5_0_0_chr14_35292317_f_Mut_1",17.9626112713398,1
"5P_1_4_chr14_35292468_35292469_NM_002791.2(PSMA6):c.-8C|G_NM_001282232.1_utr5_0_0_chr14_35292317_f_Ref_1",25.9314088598465,1
"5P_1_4_chr15_40695329_40695330_NM_002875.4(RAD51):c.-98G|C_NM_001164270.1_utr5_0_0_chr15_40695129_f_Mut_1",58.1130314872953,0
"5P_1_4_chr15_40695329_40695330_NM_002875.4(RAD51):c.-98G|C_NM_001164270.1_utr5_0_0_chr15_40695129_f_Ref_1",77.4734094501813,0
"5P_1_4_chr3_50612067_50612068_NM_013324.5(CISH):c.-524T|A_NM_001243926.1_utr5_0_0_chr3_50611862_f_Ref_1",25.3128660309329,0
"5P_1_4_chr6_31572363_31572364_NM_001159740.2(LTA):c.-10+62A=_NM_000595.3_utr5_0_0_chr6_31572294_f_Mut_1",57.2730668132383,0
"5P_1_6_chr4_109912953_109912954_NM_001963.5(EGF):c.-382A|G_NM_001178131.2_utr5_0_0_chr4_109912884_f_Mut_1",33.1024924007485,1
"5P_1_6_chr4_109912953_109912954_NM_001963.5(EGF):c.-382A|G_NM_001178131.2_utr5_0_0_chr4_109912884_f_Ref_1",46.6866342989384,1
"5P_1_7_chr1_108877035_108877036_NM_013296.4(GPSM2):c.-441G|C_NM_001321038.1_utr5_0_0_chr1_108876981_f_Mut_1",24.739693508167,0
"5P_1_7_chr1_108877050_108877051_NM_013296.4(GPSM2):c.-426G|A_NM_001321038.1_utr5_0_0_chr1_108876981_f_Mut_1",88.7774925132285,0
"5P_1_7_chr1_108877050_108877051_NM_013296.4(GPSM2):c.-426G|A_NM_001321038.1_utr5_0_0_chr1_108876981_f_Ref_1",82.8023216845829,0
"5P_1_7_chr1_108877079_108877080_NM_013296.4(GPSM2):c.-397C|G_NM_001321038.1_utr5_0_0_chr1_108876981_f_Mut_1",455.665595637263,0
"5P_1_7_chr1_108877079_108877080_NM_013296.4(GPSM2):c.-397C|G_NM_001321038.1_utr5_0_0_chr1_108876981_f_Ref_1",194.212531420874,0
"5P_1_7_chr1_108885277_108885278_NM_013296.4(GPSM2):c.-245T|A_NM_013296.4_utr5_1_0_chr1_108885275_f_Mut_1",17.708884192407,1
"5P_1_7_chr1_108885277_108885278_NM_013296.4(GPSM2):c.-245T|A_NM_013296.4_utr5_1_0_chr1_108885275_f_Ref_1",56.3255762973084,1
"5P_1_7_chr1_108885520_108885521_NM_013296.4(GPSM2):c.-2C|T_NM_013296.4_utr5_1_0_chr1_108885275_f_Mut_1",21.0082538704841,1
"5P_1_7_chr1_11012638_11012639_NM_007375.3(TARDBP):c.-117G|A_NM_007375.3_utr5_0_0_chr1_11012622_f_Mut_1",17.9462548729133,1
"5P_1_7_chr1_11012645_11012646_NM_007375.3(TARDBP):c.-110C|T_NM_007375.3_utr5_0_0_chr1_11012622_f_Mut_1",11.9318771101661,1
"5P_1_7_chr1_11012678_11012679_NM_007375.3(TARDBP):c.-77G|A_NM_007375.3_utr5_0_0_chr1_11012622_f_Mut_1",34.2915327390557,1
"5P_1_7_chr1_11012713_11012714_NM_007375.3(TARDBP):c.-42C|T_NM_007375.3_utr5_0_0_chr1_11012622_f_Ref_1",195.53829978655,1
"5P_1_7_chr1_11273220_11273221_NM_013319.2(UBIAD1):c.-311C|T_NM_013319.2_utr5_0_0_chr1_11273198_f_Mut_1",50.6210653135794,0
"5P_1_7_chr1_11273220_11273221_NM_013319.2(UBIAD1):c.-311C|T_NM_013319.2_utr5_0_0_chr1_11273198_f_Ref_1",40.1451795616781,0
"5P_1_7_chr1_11273427_11273428_NM_013319.2(UBIAD1):c.-104G|A_NM_013319.2_utr5_0_0_chr1_11273198_f_Mut_1",46.0580865387647,0
"5P_1_7_chr1_11273427_11273428_NM_013319.2(UBIAD1):c.-104G|A_NM_013319.2_utr5_0_0_chr1_11273198_f_Ref_1",238.948114121685,0
"5P_1_7_chr1_11273527_11273528_NM_013319.2(UBIAD1):c.-4T|C_NM_013319.2_utr5_0_0_chr1_11273198_f_Mut_1",36.7453523455072,1
"5P_1_7_chr1_11273527_11273528_NM_013319.2(UBIAD1):c.-4T|C_NM_013319.2_utr5_0_0_chr1_11273198_f_Ref_1",41.2554644943796,1
"5P_1_7_chr1_113899874_113899875_NM_006594.4(AP4B1):c.1114+29G|C_NR_125965.1_utr5_4_0_chr1_113899872_f_Mut_1",41.92394760792,0
"5P_1_7_chr1_113899874_113899875_NM_006594.4(AP4B1):c.1114+29G|C_NR_125965.1_utr5_4_0_chr1_113899872_f_Ref_2",61.8448896842723,0
"5P_1_7_chr1_115651298_115651299_NM_138959.2(VANGL1):c.-115G|C_NM_001172411.1_utr5_1_0_chr1_115651277_f_Mut_1",46.9024748749562,1
"5P_1_7_chr1_115651298_115651299_NM_138959.2(VANGL1):c.-115G|C_NM_001172411.1_utr5_1_0_chr1_115651277_f_Ref_1",21.1784759094318,1
"5P_1_7_chr1_115651389_115651390_NM_138959.2(VANGL1):c.-24C|T_NM_001172411.1_utr5_1_0_chr1_115651277_f_Mut_1",64.3397803095757,1
"5P_1_7_chr1_115651389_115651390_NM_138959.2(VANGL1):c.-24C|T_NM_001172411.1_utr5_1_0_chr1_115651277_f_Ref_1",37.8139032089283,1
"5P_1_7_chr1_11934702_11934703_NM_000302.3(PLOD1):c.-77G|A_NM_000302.3_utr5_0_0_chr1_11934667_f_Mut_1",274.552629222875,0
"5P_1_7_chr1_11934721_11934722_NM_000302.3(PLOD1):c.-58G|A_NM_000302.3_utr5_0_0_chr1_11934667_f_Mut_1",24.4113299105201,0
"5P_1_7_chr1_119711800_119711801_NM_006623.3(PHGDH):c.-222G|A_NM_006623.3_utr5_0_0_chr1_119711796_f_Mut_1",21.1938226241132,1
"5P_1_7_chr1_119711815_119711816_NM_006623.3(PHGDH):c.-207G|A_NM_006623.3_utr5_0_0_chr1_119711796_f_Mut_1",42.2672747186725,1
"5P_1_7_chr1_119711839_119711840_NM_006623.3(PHGDH):c.-183G|A_NM_006623.3_utr5_0_0_chr1_119711796_f_Mut_1",49.3120297570296,1
"5P_1_7_chr1_119711943_119711944_NM_006623.3(PHGDH):c.-79T|C_NM_006623.3_utr5_0_0_chr1_119711796_f_Mut_1",35.7291009993821,0
"5P_1_7_chr1_119711943_119711944_NM_006623.3(PHGDH):c.-79T|C_NM_006623.3_utr5_0_0_chr1_119711796_f_Ref_1",60.3329978254228,0
"5P_1_7_chr1_119712011_119712012_NM_006623.3(PHGDH):c.-11C|T_NM_006623.3_utr5_0_0_chr1_119711796_f_Mut_1",18.914666587359,0
"5P_1_7_chr1_119712011_119712012_NM_006623.3(PHGDH):c.-11C|T_NM_006623.3_utr5_0_0_chr1_119711796_f_Ref_1",19.6447533561422,0
"5P_1_7_chr1_11980289_11980290_NM_014874.3(MFN2):c.-344C|T_NM_001127660.1_utr5_0_0_chr1_11980181_f_Mut_1",24.4106869689931,0
"5P_1_7_chr1_11980305_11980306_NM_014874.3(MFN2):c.-328T|A_NM_001127660.1_utr5_0_0_chr1_11980181_f_Ref_1",25.578717669613,0
"5P_1_7_chr1_11980416_11980417_NM_014874.3(MFN2):c.-217C|A_NM_001127660.1_utr5_0_0_chr1_11980181_f_Mut_1",45.5754953773944,0
"5P_1_7_chr1_11980416_11980417_NM_014874.3(MFN2):c.-217C|A_NM_001127660.1_utr5_0_0_chr1_11980181_f_Ref_1",66.1988635391492,0
"5P_1_7_chr1_150321497_150321500_NM_004698.3(PRPF3):c.-143_-141dupCGG_NM_004698.2_utr5_0_0_chr1_150321479_f_Mut_1",31.0701269424346,1
"5P_1_7_chr1_150321497_150321500_NM_004698.3(PRPF3):c.-143_-141dupCGG_NM_004698.2_utr5_0_0_chr1_150321479_f_Ref_3",62.0442394576583,1
"5P_1_7_chr1_150321501_150321502_NM_004698.3(PRPF3):c.-139G|A_NM_004698.2_utr5_0_0_chr1_150321479_f_Mut_1",137.441581862753,1
"5P_1_7_chr1_150321522_150321523_NM_004698.3(PRPF3):c.-118T|C_NM_004698.2_utr5_0_0_chr1_150321479_f_Mut_1",21.2953778579935,1
"5P_1_7_chr1_154272573_154272574_NM_006118.3(HAX1):c.-150A|T_NM_001018837.1_utr5_0_0_chr1_154272563_f_Mut_1",127.994790672876,0
"5P_1_7_chr1_154272573_154272574_NM_006118.3(HAX1):c.-150A|T_NM_001018837.1_utr5_0_0_chr1_154272563_f_Ref_1",45.2442058183396,0
"5P_1_7_chr1_156114692_156114693_NM_005572.3(LMNA):c.-226C|T_NM_005572.3_utr5_0_0_chr1_156114670_f_Mut_1",12.6661960498241,0
"5P_1_7_chr1_156114692_156114693_NM_005572.3(LMNA):c.-226C|T_NM_005572.3_utr5_0_0_chr1_156114670_f_Ref_3",60.1145481641906,0
"5P_1_7_chr1_156114693_156114694_NM_005572.3(LMNA):c.-225C|A_NM_005572.3_utr5_0_0_chr1_156114670_f_Mut_1",18.1114397177069,0
"5P_1_7_chr1_156114708_156114709_NM_005572.3(LMNA):c.-210T|C_NM_005572.3_utr5_0_0_chr1_156114670_f_Mut_1",39.1742895835236,0
"5P_1_7_chr1_156114735_156114736_NM_005572.3(LMNA):c.-183C|A_NM_005572.3_utr5_0_0_chr1_156114670_f_Mut_1",27.2481073376854,0
"5P_1_7_chr1_156114735_156114736_NM_005572.3(LMNA):c.-183C|A_NM_005572.3_utr5_0_0_chr1_156114670_f_Ref_1",127.680146640418,0
"5P_1_7_chr1_156114776_156114777_NM_005572.3(LMNA):c.-142C|A_NM_005572.3_utr5_0_0_chr1_156114670_f_Mut_1",18.1111016274144,0
"5P_1_7_chr1_156114776_156114777_NM_005572.3(LMNA):c.-142C|A_NM_005572.3_utr5_0_0_chr1_156114670_f_Ref_1",18.4391964971091,0
"5P_1_7_chr1_156114809_156114810_NM_005572.3(LMNA):c.-109G|T_NM_005572.3_utr5_0_0_chr1_156114670_f_Mut_1",80.5098196780642,0
"5P_1_7_chr1_156114856_156114857_NM_005572.3(LMNA):c.-62C|A_NM_005572.3_utr5_0_0_chr1_156114670_f_Mut_1",145.914550772891,0
"5P_1_7_chr1_156114856_156114857_NM_005572.3(LMNA):c.-62C|A_NM_005572.3_utr5_0_0_chr1_156114670_f_Ref_1",57.8874200528479,0
"5P_1_7_chr1_156114913_156114914_NM_005572.3(LMNA):c.-5C|A_NM_005572.3_utr5_0_0_chr1_156114670_f_Ref_2",63.5893511115703,0
"5P_1_7_chr1_156114917_156114918_NM_170707.3(LMNA):c.-1C|A_NM_005572.3_utr5_0_0_chr1_156114670_f_Mut_1",270.760132054864,0
"5P_1_7_chr1_156126210_156126211_NM_170707.3(LMNA):c.357-4406A|G_NM_001282624.1_utr5_0_0_chr1_156126117_f_Mut_1",25.7603989079799,0
"5P_1_7_chr1_156153628_156153629_NM_022367.3(SEMA4A):c.-165G|A_NM_022367.3_utr5_0_0_chr1_156153531_f_Ref_1",20.1055539844127,0
"5P_1_7_chr1_156153729_156153730_NM_022367.3(SEMA4A):c.-64A|G_NM_022367.3_utr5_0_0_chr1_156153531_f_Mut_1",58.8119722361248,0
"5P_1_7_chr1_156153729_156153730_NM_022367.3(SEMA4A):c.-64A|G_NM_022367.3_utr5_0_0_chr1_156153531_f_Ref_1",29.9973060691644,0
"5P_1_7_chr1_160115791_160115792_NM_000702.3(ATP1A2):c.-70G|A_NM_000702.3_utr5_0_0_chr1_160115730_f_Ref_1",48.905614442661,0
"5P_1_7_chr1_161166429_161166430_NM_000309.4(PPOX):c.-190G|C_NM_001122764.1_utr5_0_0_chr1_161166391_f_Mut_1",35.7556843745944,0
"5P_1_7_chr1_161166434_161166435_NM_000309.4(PPOX):c.-185G|T_NM_001122764.1_utr5_0_0_chr1_161166391_f_Mut_1",81.0676199109197,0
"5P_1_7_chr1_161166500_161166501_NM_000309.4(PPOX):c.-119T|C_NM_001122764.1_utr5_0_0_chr1_161166391_f_Ref_1",54.9163017091227,0
"5P_1_7_chr1_161166529_161166530_NM_000309.4(PPOX):c.-90G|T_NM_001122764.1_utr5_0_0_chr1_161166391_f_Mut_1",105.727826216393,0
"5P_1_7_chr1_161166529_161166530_NM_000309.4(PPOX):c.-90G|T_NM_001122764.1_utr5_0_0_chr1_161166391_f_Ref_1",17.7474908676385,0
"5P_1_7_chr1_161166531_161166532_NM_000309.4(PPOX):c.-88G|T_NM_001122764.1_utr5_0_0_chr1_161166391_f_Mut_1",41.3670455823425,0
"5P_1_7_chr1_161166531_161166532_NM_000309.4(PPOX):c.-88G|T_NM_001122764.1_utr5_0_0_chr1_161166391_f_Ref_1",92.3090648954047,0
"5P_1_7_chr1_161199374_161199375_NM_004550.4(NDUFS2):c.-388G|A_NM_004550.4_utr5_0_0_chr1_161199315_f_Mut_1",55.2655924509856,0
"5P_1_7_chr1_161199374_161199375_NM_004550.4(NDUFS2):c.-388G|A_NM_004550.4_utr5_0_0_chr1_161199315_f_Ref_1",26.5179585454532,0
"5P_1_7_chr1_161199416_161199417_NM_004550.4(NDUFS2):c.-346G|A_NM_004550.4_utr5_0_0_chr1_161199315_f_Mut_1",30.3179092679344,0
"5P_1_7_chr1_161199416_161199417_NM_004550.4(NDUFS2):c.-346G|A_NM_004550.4_utr5_0_0_chr1_161199315_f_Ref_1",108.853353305947,0
"5P_1_7_chr1_161199464_161199465_NM_004550.4(NDUFS2):c.-298C|G_NM_004550.4_utr5_0_0_chr1_161199315_f_Mut_1",29.5056039315377,0
"5P_1_7_chr1_161199464_161199465_NM_004550.4(NDUFS2):c.-298C|G_NM_004550.4_utr5_0_0_chr1_161199315_f_Ref_1",57.7198925343372,0
"5P_1_7_chr1_161202167_161202168_NM_004550.4(NDUFS2):c.-218G|A_NM_004550.4_utr5_1_0_chr1_161202147_f_Mut_1",53.8345352691929,0
"5P_1_7_chr1_161202167_161202168_NM_004550.4(NDUFS2):c.-218G|A_NM_004550.4_utr5_1_0_chr1_161202147_f_Ref_1",46.084350150877,0
"5P_1_7_chr1_161202226_161202227_NM_004550.4(NDUFS2):c.-159C|A_NM_004550.4_utr5_1_0_chr1_161202147_f_Mut_1",40.1298666203438,0
"5P_1_7_chr1_161202226_161202227_NM_004550.4(NDUFS2):c.-159C|A_NM_004550.4_utr5_1_0_chr1_161202147_f_Ref_1",32.7463188048286,0
"5P_1_7_chr1_161202229_161202230_NM_004550.4(NDUFS2):c.-156G|A_NM_004550.4_utr5_1_0_chr1_161202147_f_Mut_1",34.8703771079571,0
"5P_1_7_chr1_161202229_161202230_NM_004550.4(NDUFS2):c.-156G|A_NM_004550.4_utr5_1_0_chr1_161202147_f_Ref_1",111.269192159453,0
"5P_1_7_chr1_161362452_161362453_NM_003001.3(SDHC):c.*20T|G_NR_103459.1_utr5_6_0_chr1_161362329_f_Mut_1",25.2407416131577,1
"5P_1_7_chr1_161362452_161362453_NM_003001.3(SDHC):c.*20T|G_NR_103459.1_utr5_6_0_chr1_161362329_f_Ref_1",23.8346561030504,1
"5P_1_7_chr1_161362466_161362467_NM_003001.3(SDHC):c.*34A|G_NR_103459.1_utr5_6_0_chr1_161362329_f_Mut_1",24.079919961849,1
"5P_1_7_chr1_161362466_161362467_NM_003001.3(SDHC):c.*34A|G_NR_103459.1_utr5_6_0_chr1_161362329_f_Ref_1",13.7154871078689,1
"5P_1_7_chr1_161362606_161362607_NM_003001.3(SDHC):c.*174G|A_NR_103459.1_utr5_6_0_chr1_161362329_f_Mut_1",24.4591705588998,1
"5P_1_7_chr1_161362606_161362607_NM_003001.3(SDHC):c.*174G|A_NR_103459.1_utr5_6_0_chr1_161362329_f_Ref_1",40.1256418642885,1
"5P_1_7_chr1_161362683_161362684_NM_003001.3(SDHC):c.*251C|T_NR_103459.1_utr5_6_0_chr1_161362329_f_Mut_1",314.433715673139,1
"5P_1_7_chr1_161362683_161362684_NM_003001.3(SDHC):c.*251C|T_NR_103459.1_utr5_6_0_chr1_161362329_f_Ref_1",42.3383922126739,1
"5P_1_7_chr1_161362829_161362830_NM_003001.3(SDHC):c.*397G|A_NR_103459.1_utr5_6_0_chr1_161362329_f_Mut_1",37.5850467099581,0
"5P_1_7_chr1_161362829_161362830_NM_003001.3(SDHC):c.*397G|A_NR_103459.1_utr5_6_0_chr1_161362329_f_Ref_1",39.7653393986431,0
"5P_1_7_chr1_161362950_161362951_NM_003001.3(SDHC):c.*518G|A_NR_103459.1_utr5_6_0_chr1_161362329_f_Mut_1",16.6887269972726,0
"5P_1_7_chr1_161362950_161362951_NM_003001.3(SDHC):c.*518G|A_NR_103459.1_utr5_6_0_chr1_161362329_f_Ref_1",16.8156457106767,0
"5P_1_7_chr1_161362959_161362960_NM_003001.3(SDHC):c.*527G|T_NR_103459.1_utr5_6_0_chr1_161362329_f_Ref_1",23.5341900386555,0
"5P_1_7_chr1_161363064_161363065_NM_003001.3(SDHC):c.*632A|G_NR_103459.1_utr5_6_0_chr1_161362329_f_Mut_1",23.2600672451692,1
"5P_1_7_chr1_161363212_161363213_NM_003001.3(SDHC):c.*780G|A_NR_103459.1_utr5_6_0_chr1_161362329_f_Mut_1",48.361730510455,1
"5P_1_7_chr1_161363212_161363213_NM_003001.3(SDHC):c.*780G|A_NR_103459.1_utr5_6_0_chr1_161362329_f_Ref_1",20.2651908420306,1
"5P_1_7_chr1_161363444_161363445_NM_003001.3(SDHC):c.*1012G|T_NR_103459.1_utr5_6_0_chr1_161362329_f_Mut_1",25.7039106088606,1
"5P_1_7_chr1_161363444_161363445_NM_003001.3(SDHC):c.*1012G|T_NR_103459.1_utr5_6_0_chr1_161362329_f_Ref_1",19.4990146726558,0
"5P_1_7_chr1_161363530_161363531_NM_003001.3(SDHC):c.*1098T|C_NR_103459.1_utr5_6_0_chr1_161362329_f_Mut_1",66.033165882262,0
"5P_1_7_chr1_161363746_161363747_NM_003001.3(SDHC):c.*1314C|A_NR_103459.1_utr5_6_0_chr1_161362329_f_Mut_1",41.3050505418574,1
"5P_1_7_chr1_161363746_161363747_NM_003001.3(SDHC):c.*1314C|A_NR_103459.1_utr5_6_0_chr1_161362329_f_Ref_1",43.7445256334752,1
"5P_1_7_chr1_161363764_161363765_NM_003001.3(SDHC):c.*1332C|A_NR_103459.1_utr5_6_0_chr1_161362329_f_Mut_1",11.5123373294464,1
"5P_1_7_chr1_161363764_161363765_NM_003001.3(SDHC):c.*1332C|A_NR_103459.1_utr5_6_0_chr1_161362329_f_Ref_1",63.3102642937176,1
"5P_1_7_chr1_161363913_161363914_NM_003001.3(SDHC):c.*1481G|A_NR_103459.1_utr5_6_0_chr1_161362329_f_Mut_1",28.9709530504807,1
"5P_1_7_chr1_161363913_161363914_NM_003001.3(SDHC):c.*1481G|A_NR_103459.1_utr5_6_0_chr1_161362329_f_Ref_1",39.7875344178807,1
"5P_1_7_chr1_161363966_161363967_NM_003001.3(SDHC):c.*1534G|T_NR_103459.1_utr5_6_0_chr1_161362329_f_Mut_1",37.8063345378714,1
"5P_1_7_chr1_161363966_161363967_NM_003001.3(SDHC):c.*1534G|T_NR_103459.1_utr5_6_0_chr1_161362329_f_Ref_1",30.579901595114,1
"5P_1_7_chr1_161364016_161364017_NM_003001.3(SDHC):c.*1584C|G_NR_103459.1_utr5_6_0_chr1_161362329_f_Mut_1",39.5640507005183,1
"5P_1_7_chr1_161364016_161364017_NM_003001.3(SDHC):c.*1584C|G_NR_103459.1_utr5_6_0_chr1_161362329_f_Ref_1",45.6060353228076,1
"5P_1_7_chr1_161364127_161364128_NM_003001.3(SDHC):c.*1695G|T_NR_103459.1_utr5_6_0_chr1_161362329_f_Mut_1",29.139648442475,1
"5P_1_7_chr1_161364127_161364128_NM_003001.3(SDHC):c.*1695G|T_NR_103459.1_utr5_6_0_chr1_161362329_f_Ref_1",20.1697236424201,1
"5P_1_7_chr1_161364131_161364132_NM_003001.3(SDHC):c.*1699A|G_NR_103459.1_utr5_6_0_chr1_161362329_f_Mut_1",22.7337820943497,1
"5P_1_7_chr1_161364131_161364132_NM_003001.3(SDHC):c.*1699A|G_NR_103459.1_utr5_6_0_chr1_161362329_f_Ref_1",78.1561663312541,1
"5P_1_7_chr1_161364216_161364217_NM_003001.3(SDHC):c.*1784G|C_NR_103459.1_utr5_6_0_chr1_161362329_f_Mut_1",67.4883460668512,1
"5P_1_7_chr1_161364216_161364217_NM_003001.3(SDHC):c.*1784G|C_NR_103459.1_utr5_6_0_chr1_161362329_f_Ref_1",39.0027261084509,1
"5P_1_7_chr1_161364275_161364276_NM_003001.3(SDHC):c.*1843C|A_NR_103459.1_utr5_6_0_chr1_161362329_f_Mut_1",34.3697152133821,1
"5P_1_7_chr1_161364275_161364276_NM_003001.3(SDHC):c.*1843C|A_NR_103459.1_utr5_6_0_chr1_161362329_f_Ref_1",26.7308577892627,1
"5P_1_7_chr1_161364321_161364322_NM_003001.3(SDHC):c.*1889T|C_NR_103459.1_utr5_6_0_chr1_161362329_f_Mut_1",16.7510231163146,1
"5P_1_7_chr1_161364321_161364322_NM_003001.3(SDHC):c.*1889T|C_NR_103459.1_utr5_6_0_chr1_161362329_f_Ref_1",13.4836064870186,1
"5P_1_7_chr1_161364330_161364331_NM_003001.3(SDHC):c.*1898C|A_NR_103459.1_utr5_6_0_chr1_161362329_f_Mut_1",22.2176418280078,1
"5P_1_7_chr1_161364330_161364331_NM_003001.3(SDHC):c.*1898C|A_NR_103459.1_utr5_6_0_chr1_161362329_f_Ref_1",32.6270568128347,1
"5P_1_7_chr1_161364350_161364351_NM_003001.3(SDHC):c.*1918G|A_NR_103459.1_utr5_6_0_chr1_161362329_f_Mut_1",25.3967331292962,1
"5P_1_7_chr1_161364350_161364351_NM_003001.3(SDHC):c.*1918G|A_NR_103459.1_utr5_6_0_chr1_161362329_f_Ref_1",56.3376136785136,1
"5P_1_7_chr1_161364573_161364574_NM_003001.3(SDHC):c.*2141C|A_NR_103459.1_utr5_6_0_chr1_161362329_f_Mut_1",29.0394006299689,1
"5P_1_7_chr1_161364573_161364574_NM_003001.3(SDHC):c.*2141C|A_NR_103459.1_utr5_6_0_chr1_161362329_f_Ref_1",125.240012977924,1
"5P_1_7_chr1_161364668_161364669_NM_003001.3(SDHC):c.*2236C|A_NR_103459.1_utr5_6_0_chr1_161362329_f_Mut_1",30.5562322142768,1
"5P_1_7_chr1_161364668_161364669_NM_003001.3(SDHC):c.*2236C|A_NR_103459.1_utr5_6_0_chr1_161362329_f_Ref_1",25.7410639725399,1
"5P_1_7_chr1_161364696_161364697_NM_003001.3(SDHC):c.*2264G|T_NR_103459.1_utr5_6_0_chr1_161362329_f_Ref_2",20.4892470301911,1
"5P_1_7_chr1_161364706_161364707_NM_003001.3(SDHC):c.*2274G|A_NR_103459.1_utr5_6_0_chr1_161362329_f_Mut_1",23.9368259602755,1
"5P_1_7_chr1_162632603_162632604_NM_006182.3(DDR2):c.-219T|C_NM_006182.2_utr5_0_0_chr1_162632438_f_Mut_1",66.3485553510861,1
"5P_1_7_chr1_162632603_162632604_NM_006182.3(DDR2):c.-219T|C_NM_006182.2_utr5_0_0_chr1_162632438_f_Ref_1",50.6779888310882,1
"5P_1_7_chr1_170552563_170552564_NM_152281.2(GORAB):c.*102G|A_NR_027397.1_utr5_4_0_chr1_170552015_f_Mut_1",17.8849998827221,1
"5P_1_7_chr1_170552563_170552564_NM_152281.2(GORAB):c.*102G|A_NR_027397.1_utr5_4_0_chr1_170552015_f_Ref_1",55.2777133680068,1
"5P_1_7_chr1_170552683_170552684_NM_152281.2(GORAB):c.*222G|T_NR_027397.1_utr5_4_0_chr1_170552015_f_Mut_1",34.0081132989406,1
"5P_1_7_chr1_170552683_170552684_NM_152281.2(GORAB):c.*222G|T_NR_027397.1_utr5_4_0_chr1_170552015_f_Ref_1",17.717863664282,1
"5P_1_7_chr1_170552810_170552811_NM_152281.2(GORAB):c.*349G|A_NR_027397.1_utr5_4_0_chr1_170552015_f_Mut_1",32.2990574303289,1
"5P_1_7_chr1_170552810_170552811_NM_152281.2(GORAB):c.*349G|A_NR_027397.1_utr5_4_0_chr1_170552015_f_Ref_1",24.6262237964451,1
"5P_1_7_chr1_170553059_170553060_NM_152281.2(GORAB):c.*598A|G_NR_027397.1_utr5_4_0_chr1_170552015_f_Mut_1",30.2526976051145,1
"5P_1_7_chr1_170553059_170553060_NM_152281.2(GORAB):c.*598A|G_NR_027397.1_utr5_4_0_chr1_170552015_f_Ref_1",25.5161233616053,1
"5P_1_7_chr1_170553114_170553115_NM_152281.2(GORAB):c.*653T|C_NR_027397.1_utr5_4_0_chr1_170552015_f_Mut_1",42.4705365338005,1
"5P_1_7_chr1_170553114_170553115_NM_152281.2(GORAB):c.*653T|C_NR_027397.1_utr5_4_0_chr1_170552015_f_Ref_1",27.236526276734,1
"5P_1_7_chr1_170553232_170553233_NM_152281.2(GORAB):c.*771A|T_NR_027397.1_utr5_4_0_chr1_170552015_f_Mut_1",18.8848921787183,1
"5P_1_7_chr1_170553232_170553233_NM_152281.2(GORAB):c.*771A|T_NR_027397.1_utr5_4_0_chr1_170552015_f_Ref_1",30.8123358998168,1
"5P_1_7_chr1_170553264_170553265_NM_152281.2(GORAB):c.*803T|C_NR_027397.1_utr5_4_0_chr1_170552015_f_Mut_1",18.6585008311879,1
"5P_1_7_chr1_170553264_170553265_NM_152281.2(GORAB):c.*803T|C_NR_027397.1_utr5_4_0_chr1_170552015_f_Ref_1",16.4422048537042,1
"5P_1_7_chr1_170553279_170553280_NM_152281.2(GORAB):c.*818A|G_NR_027397.1_utr5_4_0_chr1_170552015_f_Mut_1",23.0212751691236,1
"5P_1_7_chr1_170553279_170553280_NM_152281.2(GORAB):c.*818A|G_NR_027397.1_utr5_4_0_chr1_170552015_f_Ref_1",14.5122884611725,1
"5P_1_7_chr1_170553405_170553406_NM_152281.2(GORAB):c.*944A|G_NR_027397.1_utr5_4_0_chr1_170552015_f_Mut_1",23.2610775017264,1
"5P_1_7_chr1_170553441_170553442_NM_152281.2(GORAB):c.*980A|T_NR_027397.1_utr5_4_0_chr1_170552015_f_Ref_1",19.3193331386651,1
"5P_1_7_chr1_170553524_170553525_NM_152281.2(GORAB):c.*1063T|A_NR_027397.1_utr5_4_0_chr1_170552015_f_Mut_1",15.2991185146184,1
"5P_1_7_chr1_170553588_170553589_NM_152281.2(GORAB):c.*1127T|G_NR_027397.1_utr5_4_0_chr1_170552015_f_Mut_1",24.8969523393992,1
"5P_1_7_chr1_170553588_170553589_NM_152281.2(GORAB):c.*1127T|G_NR_027397.1_utr5_4_0_chr1_170552015_f_Ref_1",15.7639580360961,1
"5P_1_7_chr1_170553621_170553622_NM_152281.2(GORAB):c.*1160G|A_NR_027397.1_utr5_4_0_chr1_170552015_f_Ref_1",19.3786763129996,1
"5P_1_7_chr1_170553759_170553760_NM_152281.2(GORAB):c.*1298T|C_NR_027397.1_utr5_4_0_chr1_170552015_f_Mut_1",22.4419319212553,1
"5P_1_7_chr1_171090962_171090963_NM_006894.5(FMO3):c.-8G|A_NM_001319174.1_utr5_0_0_chr1_171090877_f_Mut_1",287.721925962989,1
"5P_1_7_chr1_171090962_171090963_NM_006894.5(FMO3):c.-8G|A_NM_001319174.1_utr5_0_0_chr1_171090877_f_Ref_1",50.7606095513596,1
"5P_1_7_chr1_173824696_173824697_NM_018122.4(DARS2):c.-533G|A_NM_018122.4_utr5_0_0_chr1_173824659_f_Mut_1",109.522205369637,1
"5P_1_7_chr1_173824696_173824697_NM_018122.4(DARS2):c.-533G|A_NM_018122.4_utr5_0_0_chr1_173824659_f_Ref_2",57.9456467929321,1
"5P_1_7_chr1_173824707_173824708_NM_018122.4(DARS2):c.-522G|C_NM_018122.4_utr5_0_0_chr1_173824659_f_Mut_1",70.9204833910754,1
"5P_1_7_chr1_180230357_180230358_NM_033343.3(LHX4):c.-172A|G_NM_033343.3_utr5_0_0_chr1_180230298_f_Mut_1",33.7621585933442,0
"5P_1_7_chr1_180230357_180230358_NM_033343.3(LHX4):c.-172A|G_NM_033343.3_utr5_0_0_chr1_180230298_f_Ref_1",24.9742131470501,0
"5P_1_7_chr1_180230395_180230396_NM_033343.3(LHX4):c.-134G|C_NM_033343.3_utr5_0_0_chr1_180230298_f_Mut_1",35.8618395617583,1
"5P_1_7_chr1_180230395_180230396_NM_033343.3(LHX4):c.-134G|C_NM_033343.3_utr5_0_0_chr1_180230298_f_Ref_1",26.1158739610744,1
"5P_1_7_chr1_180230408_180230409_NM_033343.3(LHX4):c.-121T|G_NM_033343.3_utr5_0_0_chr1_180230298_f_Mut_1",24.8990326822174,1
"5P_1_7_chr1_180230408_180230409_NM_033343.3(LHX4):c.-121T|G_NM_033343.3_utr5_0_0_chr1_180230298_f_Ref_1",26.6798252560081,1
"5P_1_7_chr1_183186075_183186076_NM_005562.2(LAMC2):c.-277G|A_NM_018891.2_utr5_0_0_chr1_183186039_f_Mut_1",110.000320386843,1
"5P_1_7_chr1_183186075_183186076_NM_005562.2(LAMC2):c.-277G|A_NM_018891.2_utr5_0_0_chr1_183186039_f_Ref_2",188.506471180055,1
"5P_1_7_chr1_183186090_183186091_NM_005562.2(LAMC2):c.-262T|C_NM_018891.2_utr5_0_0_chr1_183186039_f_Mut_1",127.182230428779,1
"5P_1_7_chr1_183186096_183186097_NM_005562.2(LAMC2):c.-256G|C_NM_018891.2_utr5_0_0_chr1_183186039_f_Mut_1",109.810834373543,1
"5P_1_7_chr1_183186212_183186213_NM_005562.2(LAMC2):c.-140T|G_NM_018891.2_utr5_0_0_chr1_183186039_f_Mut_1",21.6092174910913,0
"5P_1_7_chr1_183186313_183186314_NM_005562.2(LAMC2):c.-39C|T_NM_018891.2_utr5_0_0_chr1_183186039_f_Ref_2",54.3535705740149,0
"5P_1_7_chr1_183186337_183186338_NM_005562.2(LAMC2):c.-15C|T_NM_018891.2_utr5_0_0_chr1_183186039_f_Mut_1",47.5595207539184,0
"5P_1_7_chr1_185734623_185734624_NM_031935.2(HMCN1):c.-156G|A_NM_031935.2_utr5_0_0_chr1_185734551_f_Mut_1",75.8792262847265,1
"5P_1_7_chr1_185734623_185734624_NM_031935.2(HMCN1):c.-156G|A_NM_031935.2_utr5_0_0_chr1_185734551_f_Ref_1",86.5031676495625,1
"5P_1_7_chr1_185734628_185734629_NM_031935.2(HMCN1):c.-151C|A_NM_031935.2_utr5_0_0_chr1_185734551_f_Mut_1",61.7199468563869,1
"5P_1_7_chr1_185734628_185734629_NM_031935.2(HMCN1):c.-151C|A_NM_031935.2_utr5_0_0_chr1_185734551_f_Ref_1",141.560511147479,1
"5P_1_7_chr1_185734692_185734693_NM_031935.2(HMCN1):c.-87T|C_NM_031935.2_utr5_0_0_chr1_185734551_f_Mut_1",79.4164549422844,1
"5P_1_7_chr1_185734692_185734693_NM_031935.2(HMCN1):c.-87T|C_NM_031935.2_utr5_0_0_chr1_185734551_f_Ref_1",102.37187826861,1
"5P_1_7_chr1_185734739_185734740_NM_031935.2(HMCN1):c.-40T|C_NM_031935.2_utr5_0_0_chr1_185734551_f_Mut_1",19.0463443453568,0
"5P_1_7_chr1_185734739_185734740_NM_031935.2(HMCN1):c.-40T|C_NM_031935.2_utr5_0_0_chr1_185734551_f_Ref_3",19.0131568339419,0
"5P_1_7_chr1_185734754_185734755_NM_031935.2(HMCN1):c.-25dupG_NM_031935.2_utr5_0_0_chr1_185734551_f_Mut_1",14.5322234250075,0
"5P_1_7_chr1_193122010_193122011_NM_024529.4(CDC73):c.-190G|C_NM_024529.4_utr5_0_0_chr1_193121958_f_Mut_1",38.8024079099562,0
"5P_1_7_chr1_193122010_193122011_NM_024529.4(CDC73):c.-190G|C_NM_024529.4_utr5_0_0_chr1_193121958_f_Ref_2",17.3031754328051,0
"5P_1_7_chr1_193122014_193122015_NM_024529.4(CDC73):c.-186C|G_NM_024529.4_utr5_0_0_chr1_193121958_f_Mut_1",85.4645697764339,0
"5P_1_7_chr1_193122057_193122058_NM_024529.4(CDC73):c.-143G|C_NM_024529.4_utr5_0_0_chr1_193121958_f_Mut_1",54.2913787142841,0
"5P_1_7_chr1_193122057_193122058_NM_024529.4(CDC73):c.-143G|C_NM_024529.4_utr5_0_0_chr1_193121958_f_Ref_1",72.2524021138794,0
"5P_1_7_chr1_193122079_193122080_NM_024529.4(CDC73):c.-121G|A_NM_024529.4_utr5_0_0_chr1_193121958_f_Mut_1",99.65981992189,0
"5P_1_7_chr1_193122079_193122080_NM_024529.4(CDC73):c.-121G|A_NM_024529.4_utr5_0_0_chr1_193121958_f_Ref_1",82.316142230232,0
"5P_1_7_chr1_196651942_196651943_NM_000186.3(CFH):c.-175T|C_NM_000186.3_utr5_0_0_chr1_196651878_f_Mut_1",27.7762428480927,1
"5P_1_7_chr1_196651942_196651943_NM_000186.3(CFH):c.-175T|C_NM_000186.3_utr5_0_0_chr1_196651878_f_Ref_1",34.6459300897362,1
"5P_1_7_chr1_196652056_196652057_NM_000186.3(CFH):c.-61A|G_NM_000186.3_utr5_0_0_chr1_196651878_f_Mut_1",68.9148677102008,0
"5P_1_7_chr1_196652056_196652057_NM_000186.3(CFH):c.-61A|G_NM_000186.3_utr5_0_0_chr1_196651878_f_Ref_1",54.6305939315783,0
"5P_1_7_chr1_196977588_196977590_NM_030787.3(CFHR5):c.-76_-75delGT_NM_030787.3_utr5_0_0_chr1_196977537_f_Mut_1",23.8711686014027,1
"5P_1_7_chr1_196977588_196977590_NM_030787.3(CFHR5):c.-76_-75delGT_NM_030787.3_utr5_0_0_chr1_196977537_f_Ref_1",29.3887638651785,1
"5P_1_7_chr1_197268217_197268218_NM_201253.2(CRB1):c.-195G|A_NM_001193640.1_utr5_0_0_chr1_197268204_f_Mut_1",32.6403794547486,1
"5P_1_7_chr1_197268217_197268218_NM_201253.2(CRB1):c.-195G|A_NM_001193640.1_utr5_0_0_chr1_197268204_f_Ref_1",29.9147209802048,1
"5P_1_7_chr1_197477994_197477995_NM_201253.2(CRB1):c.*116A|G_NR_047563.1_utr5_12_0_chr1_197477664_f_Mut_1",36.0797091408473,0
"5P_1_7_chr1_197477994_197477995_NM_201253.2(CRB1):c.*116A|G_NR_047563.1_utr5_12_0_chr1_197477664_f_Ref_1",19.1542811140862,0
"5P_1_7_chr1_197478036_197478037_NM_201253.2(CRB1):c.*158G|T_NR_047563.1_utr5_12_0_chr1_197477664_f_Mut_1",19.2690504678168,1
"5P_1_7_chr1_197478036_197478037_NM_201253.2(CRB1):c.*158G|T_NR_047563.1_utr5_12_0_chr1_197477664_f_Ref_1",31.0661900662949,1
"5P_1_7_chr1_197478209_197478216_NM_201253.2(CRB1):c.*331_*337dupTAGTTTT_NR_047563.1_utr5_12_0_chr1_197477664_f_Mut_1",66.5824743212525,1
"5P_1_7_chr1_197478209_197478216_NM_201253.2(CRB1):c.*331_*337dupTAGTTTT_NR_047563.1_utr5_12_0_chr1_197477664_f_Ref_1",38.7552678755713,1
"5P_1_7_chr1_197478290_197478291_NM_201253.2(CRB1):c.*412T|C_NR_047563.1_utr5_12_0_chr1_197477664_f_Ref_1",39.6511653122956,0
"5P_1_7_chr1_201283606_201283607_NM_001005337.2(PKP1):c.-96G|A_NM_001005337.2_utr5_0_0_chr1_201283452_f_Ref_1",19.2614179778861,0
"5P_1_7_chr1_207454347_207454348_NM_001006658.2(CR2):c.-71T|C_NM_001877.4_utr5_0_0_chr1_207454300_f_Mut_1",40.5000644055385,1
"5P_1_7_chr1_207454347_207454348_NM_001006658.2(CR2):c.-71T|C_NM_001877.4_utr5_0_0_chr1_207454300_f_Ref_1",51.7875825104826,1
"5P_1_7_chr1_207752206_207752207_NM_002389.4(CD46):c.-6C|T_NM_172361.2_utr5_0_0_chr1_207752038_f_Mut_1",21.0809231950532,0
"5P_1_7_chr1_207752206_207752207_NM_002389.4(CD46):c.-6C|T_NM_172361.2_utr5_0_0_chr1_207752038_f_Ref_1",37.113312256334,0
"5P_1_7_chr1_212858271_212858272_NM_014053.3(FLVCR1):c.-181A|G_NM_014053.3_utr5_0_0_chr1_212858255_f_Mut_1",22.4697865008959,0
"5P_1_7_chr1_212858271_212858272_NM_014053.3(FLVCR1):c.-181A|G_NM_014053.3_utr5_0_0_chr1_212858255_f_Ref_2",42.240936787663,0
"5P_1_7_chr1_212858296_212858297_NM_014053.3(FLVCR1):c.-156delT_NM_014053.3_utr5_0_0_chr1_212858255_f_Mut_1",37.0830345116277,0
"5P_1_7_chr1_212858365_212858366_NM_014053.3(FLVCR1):c.-87G|A_NM_014053.3_utr5_0_0_chr1_212858255_f_Mut_1",35.3780582910673,0
"5P_1_7_chr1_212858365_212858366_NM_014053.3(FLVCR1):c.-87G|A_NM_014053.3_utr5_0_0_chr1_212858255_f_Ref_1",25.6905767768126,0
"5P_1_7_chr1_218345429_218345435_NM_001135599.3(TGFB2):c.-1272_-1267dupAAGAGA_NM_003238.3_utr5_0_0_chr1_218345334_f_Ref_1",21.9736045115153,0
"5P_1_7_chr1_218345430_218345431_NM_001135599.3(TGFB2):c.-1271A|G_NM_003238.3_utr5_0_0_chr1_218345334_f_Mut_1",29.9581016875068,0
"5P_1_7_chr1_218345430_218345431_NM_001135599.3(TGFB2):c.-1271A|G_NM_003238.3_utr5_0_0_chr1_218345334_f_Ref_1",12.6324348022548,0
"5P_1_7_chr1_218345548_218345549_NM_001135599.3(TGFB2):c.-1153G|T_NM_003238.3_utr5_0_0_chr1_218345334_f_Mut_1",33.4115273792972,1
"5P_1_7_chr1_218345548_218345549_NM_001135599.3(TGFB2):c.-1153G|T_NM_003238.3_utr5_0_0_chr1_218345334_f_Ref_1",32.9466970004693,1
"5P_1_7_chr1_218345907_218345908_NM_001135599.3(TGFB2):c.-794T|C_NM_003238.3_utr5_0_0_chr1_218345334_f_Ref_1",24.8919309310747,0
"5P_1_7_chr1_218345955_218345956_NM_001135599.3(TGFB2):c.-746G|T_NM_003238.3_utr5_0_0_chr1_218345334_f_Mut_1",80.5086395640921,0
"5P_1_7_chr1_218345955_218345956_NM_001135599.3(TGFB2):c.-746G|T_NM_003238.3_utr5_0_0_chr1_218345334_f_Ref_1",45.8714760588417,0
"5P_1_7_chr1_218346002_218346003_NM_001135599.3(TGFB2):c.-699A|C_NM_003238.3_utr5_0_0_chr1_218345334_f_Mut_1",63.33674163346,0
"5P_1_7_chr1_218346019_218346020_NM_001135599.3(TGFB2):c.-682C|G_NM_003238.3_utr5_0_0_chr1_218345334_f_Ref_1",103.524031706211,0
"5P_1_7_chr1_218346038_218346039_NM_001135599.3(TGFB2):c.-663C|T_NM_003238.3_utr5_0_0_chr1_218345334_f_Ref_1",26.9621863830034,0
"5P_1_7_chr1_218346055_218346056_NM_001135599.3(TGFB2):c.-646G|A_NM_003238.3_utr5_0_0_chr1_218345334_f_Mut_1",31.1359322299898,0
"5P_1_7_chr1_218346055_218346056_NM_001135599.3(TGFB2):c.-646G|A_NM_003238.3_utr5_0_0_chr1_218345334_f_Ref_1",247.183064369247,0
"5P_1_7_chr1_218346055_218346061_NM_001135599.3(TGFB2):c.-646_-641dupGCACAC_NM_003238.3_utr5_0_0_chr1_218345334_f_Ref_1",18.1150367581854,0
"5P_1_7_chr1_218346057_218346057_NM_001135599.3(TGFB2):c.-645_-644insCCACGC_NM_003238.3_utr5_0_0_chr1_218345334_f_Mut_1",25.7449273511066,0
"5P_1_7_chr1_218346057_218346057_NM_001135599.3(TGFB2):c.-645_-644insCCACGC_NM_003238.3_utr5_0_0_chr1_218345334_f_Ref_1",60.4989541621875,0
"5P_1_7_chr1_218346057_218346058_NM_001135599.3(TGFB2):c.-644A|G_NM_003238.3_utr5_0_0_chr1_218345334_f_Mut_1",63.6162623950778,0
"5P_1_7_chr1_218346057_218346058_NM_001135599.3(TGFB2):c.-644A|G_NM_003238.3_utr5_0_0_chr1_218345334_f_Ref_1",69.7940064067938,0
"5P_1_7_chr1_218346075_218346081_NM_001135599.3(TGFB2):c.-626_-621dupACACAC_NM_003238.3_utr5_0_0_chr1_218345334_f_Ref_1",44.9553777397439,0
"5P_1_7_chr1_218346077_218346081_NM_001135599.3(TGFB2):c.-624_-621dupACAC_NM_003238.3_utr5_0_0_chr1_218345334_f_Ref_1",41.6657489659641,0
"5P_1_7_chr1_218346079_218346081_NM_001135599.3(TGFB2):c.-622_-621dupAC_NM_003238.3_utr5_0_0_chr1_218345334_f_Ref_1",78.1757821208054,0
"5P_1_7_chr1_218346081_218346082_NM_001135599.3(TGFB2):c.-620G|A_NM_003238.3_utr5_0_0_chr1_218345334_f_Mut_1",35.7513114065965,0
"5P_1_7_chr1_218346081_218346082_NM_001135599.3(TGFB2):c.-620G|A_NM_003238.3_utr5_0_0_chr1_218345334_f_Ref_1",101.282278494449,0
"5P_1_7_chr1_218346132_218346133_NM_001135599.3(TGFB2):c.-569T|C_NM_003238.3_utr5_0_0_chr1_218345334_f_Mut_1",43.0116592916934,1
"5P_1_7_chr1_218346132_218346133_NM_001135599.3(TGFB2):c.-569T|C_NM_003238.3_utr5_0_0_chr1_218345334_f_Ref_1",52.3841135394916,1
"5P_1_7_chr1_218346159_218346160_NM_001135599.3(TGFB2):c.-542C|T_NM_003238.3_utr5_0_0_chr1_218345334_f_Mut_1",13.633209392579,0
"5P_1_7_chr1_218346159_218346160_NM_001135599.3(TGFB2):c.-542C|T_NM_003238.3_utr5_0_0_chr1_218345334_f_Ref_1",20.7833225229629,0
"5P_1_7_chr1_218442976_218442977_NM_001135599.3(TGFB2):c.*1615T|C_NR_125715.1_utr5_0_0_chr1_218442626_f_Mut_1",32.8040823235453,1
"5P_1_7_chr1_218442976_218442977_NM_001135599.3(TGFB2):c.*1615T|C_NR_125715.1_utr5_0_0_chr1_218442626_f_Ref_1",72.3088493032778,1
"5P_1_7_chr1_218443450_218443451_NM_001135599.3(TGFB2):c.*2089A|C_NR_125715.1_utr5_0_0_chr1_218442626_f_Mut_1",13.9305538347942,1
"5P_1_7_chr1_218443450_218443451_NM_001135599.3(TGFB2):c.*2089A|C_NR_125715.1_utr5_0_0_chr1_218442626_f_Ref_1",16.2066074742463,1
"5P_1_7_chr1_218443720_218443723_NM_001135599.3(TGFB2):c.*2359_*2361delTTT_NR_125715.1_utr5_0_0_chr1_218442626_f_Mut_1",32.8902889886501,1
"5P_1_7_chr1_218443720_218443723_NM_001135599.3(TGFB2):c.*2359_*2361delTTT_NR_125715.1_utr5_0_0_chr1_218442626_f_Ref_1",23.8552495814754,1
"5P_1_7_chr1_218443722_218443723_NM_001135599.3(TGFB2):c.*2361delT_NR_125715.1_utr5_0_0_chr1_218442626_f_Mut_1",130.719094435489,1
"5P_1_7_chr1_218443722_218443723_NM_001135599.3(TGFB2):c.*2361delT_NR_125715.1_utr5_0_0_chr1_218442626_f_Ref_1",68.7906534441857,1
"5P_1_7_chr1_218443978_218443979_NM_001135599.3(TGFB2):c.*2617T|C_NR_125715.1_utr5_0_0_chr1_218442626_f_Mut_1",27.8640059812315,1
"5P_1_7_chr1_218443978_218443979_NM_001135599.3(TGFB2):c.*2617T|C_NR_125715.1_utr5_0_0_chr1_218442626_f_Ref_1",31.6054296089486,1
"5P_1_7_chr1_226871332_226871333_NM_000447.2(PSEN2):c.-278C|T_NM_012486.2_utr5_1_0_chr1_226871262_f_Mut_1",14.8109895577868,1
"5P_1_7_chr1_226871332_226871333_NM_000447.2(PSEN2):c.-278C|T_NM_012486.2_utr5_1_0_chr1_226871262_f_Ref_1",37.4655970242353,1
"5P_1_7_chr1_226875426_226875427_NM_000447.2(PSEN2):c.-144A|G_NM_012486.2_utr5_2_0_chr1_226875365_f_Mut_1",52.2717160327341,1
"5P_1_7_chr1_226875426_226875427_NM_000447.2(PSEN2):c.-144A|G_NM_012486.2_utr5_2_0_chr1_226875365_f_Ref_1",69.2097784589068,1
"5P_1_7_chr1_226875488_226875489_NM_000447.2(PSEN2):c.-82T|C_NM_012486.2_utr5_2_0_chr1_226875365_f_Mut_1",21.0422415261765,1
"5P_1_7_chr1_226875488_226875489_NM_000447.2(PSEN2):c.-82T|C_NM_012486.2_utr5_2_0_chr1_226875365_f_Ref_1",15.1987900147755,1
"5P_1_7_chr1_226940271_226940272_NM_020247.4(COQ8A):c.-137C|A_NM_020247.4_utr5_0_0_chr1_226940237_f_Mut_1",22.1759556229128,0
"5P_1_7_chr1_226940271_226940272_NM_020247.4(COQ8A):c.-137C|A_NM_020247.4_utr5_0_0_chr1_226940237_f_Ref_1",46.0247281076319,0
"5P_1_7_chr1_226940333_226940334_NM_020247.4(COQ8A):c.-75C|T_NM_020247.4_utr5_0_0_chr1_226940237_f_Mut_1",58.2604626504567,0
"5P_1_7_chr1_231241231_231241232_NM_014236.3(GNPAT):c.-147G|C_NM_001316350.1_utr5_0_0_chr1_231241173_f_Mut_1",26.5405786892838,0
"5P_1_7_chr1_231241231_231241232_NM_014236.3(GNPAT):c.-147G|C_NM_001316350.1_utr5_0_0_chr1_231241173_f_Ref_1",152.792637877563,0
"5P_1_7_chr1_231241233_231241234_NM_014236.3(GNPAT):c.-145G|A_NM_001316350.1_utr5_0_0_chr1_231241173_f_Mut_1",74.9623549002247,0
"5P_1_7_chr1_231241233_231241234_NM_014236.3(GNPAT):c.-145G|A_NM_001316350.1_utr5_0_0_chr1_231241173_f_Ref_1",46.7728118905769,0
"5P_1_7_chr1_231241257_231241258_NM_014236.3(GNPAT):c.-121C|T_NM_001316350.1_utr5_0_0_chr1_231241173_f_Mut_1",19.3355809685749,0
"5P_1_7_chr1_231241257_231241258_NM_014236.3(GNPAT):c.-121C|T_NM_001316350.1_utr5_0_0_chr1_231241173_f_Ref_1",43.6631217535299,0
"5P_1_7_chr1_231241324_231241325_NM_014236.3(GNPAT):c.-54A|G_NM_001316350.1_utr5_0_0_chr1_231241173_f_Mut_1",11.5635217606739,0
"5P_1_7_chr1_231241324_231241325_NM_014236.3(GNPAT):c.-54A|G_NM_001316350.1_utr5_0_0_chr1_231241173_f_Ref_3",23.3786729746086,0
"5P_1_7_chr1_231241331_231241332_NM_014236.3(GNPAT):c.-47C|A_NM_001316350.1_utr5_0_0_chr1_231241173_f_Mut_1",13.0543002674974,0
"5P_1_7_chr1_231241372_231241373_NM_014236.3(GNPAT):c.-6C|T_NM_001316350.1_utr5_0_0_chr1_231241173_f_Mut_1",48.2714602765304,0
"5P_1_7_chr1_235367443_235367444_NM_003193.4(TBCE):c.-92C|G_NM_001079515.2_utr5_0_0_chr1_235367360_f_Mut_1",84.5205072668935,0
"5P_1_7_chr1_235367443_235367444_NM_003193.4(TBCE):c.-92C|G_NM_001079515.2_utr5_0_0_chr1_235367360_f_Ref_1",46.4631114419197,0
"5P_1_7_chr1_235367467_235367468_NM_003193.4(TBCE):c.-68G|C_NM_001079515.2_utr5_0_0_chr1_235367360_f_Mut_1",56.5525245960406,0
"5P_1_7_chr1_235367467_235367468_NM_003193.4(TBCE):c.-68G|C_NM_001079515.2_utr5_0_0_chr1_235367360_f_Ref_1",56.6094810989289,0
"5P_1_7_chr1_236686514_236686515_NM_001103.3(ACTN2):c.-159C|T_NM_001278344.1_utr5_0_0_chr1_236686454_f_Ref_1",33.3607757112003,0
"5P_1_7_chr1_236686666_236686667_NM_001103.3(ACTN2):c.-7G|A_NM_001278344.1_utr5_0_0_chr1_236686454_f_Ref_1",25.0333659974737,0
"5P_1_7_chr1_236686670_236686671_NM_001103.3(ACTN2):c.-3G|T_NM_001278344.1_utr5_0_0_chr1_236686454_f_Mut_1",12.8853677571909,0
"5P_1_7_chr1_236686670_236686671_NM_001103.3(ACTN2):c.-3G|T_NM_001278344.1_utr5_0_0_chr1_236686454_f_Ref_1",25.2631617203707,0
"5P_1_7_chr1_236795290_236795291_NM_000254.2(MTR):c.-413C|A_NM_001291940.1_utr5_0_0_chr1_236795281_f_Ref_2",64.9432457634141,0
"5P_1_7_chr1_236795324_236795325_NM_000254.2(MTR):c.-379C|T_NM_001291940.1_utr5_0_0_chr1_236795281_f_Mut_1",69.2452449268227,1
"5P_1_7_chr1_236795382_236795383_NM_000254.2(MTR):c.-321C|G_NM_001291940.1_utr5_0_0_chr1_236795281_f_Mut_1",44.1546711143109,0
"5P_1_7_chr1_236795382_236795383_NM_000254.2(MTR):c.-321C|G_NM_001291940.1_utr5_0_0_chr1_236795281_f_Ref_1",369.924864041252,0
"5P_1_7_chr1_236795454_236795455_NM_000254.2(MTR):c.-249C|T_NM_001291940.1_utr5_0_0_chr1_236795281_f_Mut_1",91.617175381474,0
"5P_1_7_chr1_236795454_236795455_NM_000254.2(MTR):c.-249C|T_NM_001291940.1_utr5_0_0_chr1_236795281_f_Ref_1",60.5864861096564,0
"5P_1_7_chr1_236795505_236795506_NM_000254.2(MTR):c.-198C|G_NM_001291940.1_utr5_0_0_chr1_236795281_f_Ref_1",29.7833230658702,0
"5P_1_7_chr1_236795530_236795531_NM_000254.2(MTR):c.-173G|T_NM_001291940.1_utr5_0_0_chr1_236795281_f_Mut_1",115.811552587381,0
"5P_1_7_chr1_236795530_236795531_NM_000254.2(MTR):c.-173G|T_NM_001291940.1_utr5_0_0_chr1_236795281_f_Ref_1",23.0917962104936,0
"5P_1_7_chr1_236795570_236795571_NM_000254.2(MTR):c.-133G|A_NM_001291940.1_utr5_0_0_chr1_236795281_f_Ref_1",40.5628031693951,0
"5P_1_7_chr1_236795595_236795596_NM_000254.2(MTR):c.-108G|C_NM_001291940.1_utr5_0_0_chr1_236795281_f_Mut_1",54.6668619137016,0
"5P_1_7_chr1_236795595_236795596_NM_000254.2(MTR):c.-108G|C_NM_001291940.1_utr5_0_0_chr1_236795281_f_Ref_1",188.396312902553,0
"5P_1_7_chr1_236795697_236795698_NM_000254.2(MTR):c.-6G|C_NM_001291940.1_utr5_0_0_chr1_236795281_f_Ref_1",13.7002020786316,0
"5P_1_7_chr1_243256042_243256043_NM_006642.4(SDCCAG8):c.-131T|C_NM_006642.3_utr5_0_0_chr1_243256005_f_Mut_1",164.230936592038,0
"5P_1_7_chr1_243256043_243256044_NM_006642.4(SDCCAG8):c.-130C|A_NM_006642.3_utr5_0_0_chr1_243256005_f_Mut_1",47.1420196131244,0
"5P_1_7_chr1_243256052_243256053_NM_006642.4(SDCCAG8):c.-121C|T_NM_006642.3_utr5_0_0_chr1_243256005_f_Mut_1",34.8252144638015,0
"5P_1_7_chr1_243256067_243256068_NM_006642.4(SDCCAG8):c.-106G|T_NM_006642.3_utr5_0_0_chr1_243256005_f_Mut_1",78.1214386662863,0
"5P_1_7_chr1_243256067_243256068_NM_006642.4(SDCCAG8):c.-106G|T_NM_006642.3_utr5_0_0_chr1_243256005_f_Ref_1",82.5926130451958,0
"5P_1_7_chr1_243256075_243256076_NM_006642.4(SDCCAG8):c.-98C|T_NM_006642.3_utr5_0_0_chr1_243256005_f_Ref_1",44.3894747749395,0
"5P_1_7_chr1_243256169_243256170_NM_006642.4(SDCCAG8):c.-4G|A_NM_006642.3_utr5_0_0_chr1_243256005_f_Mut_1",43.8238394300654,0
"5P_1_7_chr1_243256169_243256170_NM_006642.4(SDCCAG8):c.-4G|A_NM_006642.3_utr5_0_0_chr1_243256005_f_Ref_1",37.9218662597428,0
"5P_1_7_chr1_247418115_247418116_NM_004895.4(NLRP3):c.-679G|A_NM_001243133.1_utr5_0_0_chr1_247418049_f_Ref_1",17.0915910721151,1
"5P_1_7_chr1_247418171_247418172_NM_004895.4(NLRP3):c.-623C|T_NM_001243133.1_utr5_0_0_chr1_247418049_f_Mut_1",95.1021721793744,1
"5P_1_7_chr1_247418171_247418172_NM_004895.4(NLRP3):c.-623C|T_NM_001243133.1_utr5_0_0_chr1_247418049_f_Ref_1",61.0780489967662,1
"5P_1_7_chr1_247418267_247418268_NM_004895.4(NLRP3):c.-527C|G_NM_001243133.1_utr5_0_0_chr1_247418049_f_Mut_1",86.2677735188827,1
"5P_1_7_chr1_247418267_247418268_NM_004895.4(NLRP3):c.-527C|G_NM_001243133.1_utr5_0_0_chr1_247418049_f_Ref_1",197.429327493404,1
"5P_1_7_chr1_247418318_247418319_NM_004895.4(NLRP3):c.-476dupT_NM_001243133.1_utr5_0_0_chr1_247418049_f_Ref_1",386.631734363756,1
"5P_1_7_chr1_247418597_247418598_NM_004895.4(NLRP3):c.-197G|A_NM_001243133.1_utr5_0_0_chr1_247418049_f_Mut_1",56.8235635313834,1
"5P_1_7_chr1_247418597_247418598_NM_004895.4(NLRP3):c.-197G|A_NM_001243133.1_utr5_0_0_chr1_247418049_f_Ref_1",25.5627010734572,1
"5P_1_7_chr1_247418726_247418727_NM_004895.4(NLRP3):c.-68G|A_NM_001243133.1_utr5_0_0_chr1_247418049_f_Mut_1",163.591116039618,1
"5P_1_7_chr1_247418726_247418727_NM_004895.4(NLRP3):c.-68G|A_NM_001243133.1_utr5_0_0_chr1_247418049_f_Ref_1",42.0990144489678,1
"5P_1_7_chr1_247418732_247418733_NM_004895.4(NLRP3):c.-62C|T_NM_001243133.1_utr5_0_0_chr1_247418049_f_Mut_1",90.515516569728,1
"5P_1_7_chr1_247418732_247418733_NM_004895.4(NLRP3):c.-62C|T_NM_001243133.1_utr5_0_0_chr1_247418049_f_Ref_1",118.789309871479,1
"5P_1_7_chr1_25543593_25543594_NM_015627.2(LDLRAP1):c.-105G|A_NM_015627.2_utr5_0_0_chr1_25543585_f_Mut_1",79.7643991138035,1
"5P_1_7_chr1_25543598_25543599_NM_015627.2(LDLRAP1):c.-100G|A_NM_015627.2_utr5_0_0_chr1_25543585_f_Mut_1",34.3188617290502,1
"5P_1_7_chr1_25543606_25543607_NM_015627.2(LDLRAP1):c.-92G|T_NM_015627.2_utr5_0_0_chr1_25543585_f_Mut_1",166.102430185781,1
"5P_1_7_chr1_25543628_25543629_NM_015627.2(LDLRAP1):c.-70A|T_NM_015627.2_utr5_0_0_chr1_25543585_f_Mut_1",25.1360650559528,1
"5P_1_7_chr1_26432892_26432893_NM_024887.3(DHDDS):c.-53T|G_NM_001319959.1_utr5_1_0_chr1_26432891_f_Mut_1",15.3532270459808,1
"5P_1_7_chr1_26787992_26787993_NM_017837.3(PIGV):c.-333C|T_NM_017837.3_utr5_0_0_chr1_26787963_f_Mut_1",70.060950128928,1
"5P_1_7_chr1_26787992_26787993_NM_017837.3(PIGV):c.-333C|T_NM_017837.3_utr5_0_0_chr1_26787963_f_Ref_2",41.9808020644928,0
"5P_1_7_chr1_26788002_26788003_NM_017837.3(PIGV):c.-323C|T_NM_017837.3_utr5_0_0_chr1_26787963_f_Mut_1",33.5113057948899,0
"5P_1_7_chr1_32817512_32817513_NM_003680.3(YARS):c.-269C|T_NM_001256121.1_utr5_0_0_chr1_32817442_f_Mut_1",24.1011892593253,1
"5P_1_7_chr1_32817512_32817513_NM_003680.3(YARS):c.-269C|T_NM_001256121.1_utr5_0_0_chr1_32817442_f_Ref_1",27.3863377780051,1
"5P_1_7_chr1_32817526_32817527_NM_003680.3(YARS):c.-283G|A_NM_022753.3_utr5_0_0_chr1_32817518_f_Mut_1",30.8134836770529,1
"5P_1_7_chr1_32817526_32817527_NM_003680.3(YARS):c.-283G|A_NM_022753.3_utr5_0_0_chr1_32817518_f_Ref_1",143.883463799358,1
"5P_1_7_chr1_32817576_32817577_NM_003680.3(YARS):c.-333C|T_NM_022753.3_utr5_0_0_chr1_32817518_f_Mut_1",41.5469951132426,1
"5P_1_7_chr1_32817576_32817577_NM_003680.3(YARS):c.-333C|T_NM_022753.3_utr5_0_0_chr1_32817518_f_Ref_1",36.8156579564824,1
"5P_1_7_chr1_34781197_34781198_NM_024009.2(GJB3):c.-606T|C_NM_024009.2_utr5_0_0_chr1_34781189_f_Mut_1",27.3323459182843,0
"5P_1_7_chr1_34781197_34781198_NM_024009.2(GJB3):c.-606T|C_NM_024009.2_utr5_0_0_chr1_34781189_f_Ref_1",30.286648298242,0
"5P_1_7_chr1_34781405_34781406_NM_024009.2(GJB3):c.-398C|G_NM_024009.2_utr5_0_0_chr1_34781189_f_Mut_1",16.0341629638825,0
"5P_1_7_chr1_34781405_34781406_NM_024009.2(GJB3):c.-398C|G_NM_024009.2_utr5_0_0_chr1_34781189_f_Ref_1",14.8418629316729,0
"5P_1_7_chr1_34781420_34781421_NM_024009.2(GJB3):c.-383G|A_NM_024009.2_utr5_0_0_chr1_34781189_f_Mut_1",47.3374183400227,1
"5P_1_7_chr1_34781420_34781421_NM_024009.2(GJB3):c.-383G|A_NM_024009.2_utr5_0_0_chr1_34781189_f_Ref_1",14.7549478459157,1
"5P_1_7_chr1_34781496_34781497_NM_024009.2(GJB3):c.-307T|C_NM_024009.2_utr5_0_0_chr1_34781189_f_Mut_1",163.083724540484,1
"5P_1_7_chr1_34781496_34781497_NM_024009.2(GJB3):c.-307T|C_NM_024009.2_utr5_0_0_chr1_34781189_f_Ref_1",30.6330746520913,1
"5P_1_7_chr1_34781572_34781573_NM_024009.2(GJB3):c.-231G|A_NM_024009.2_utr5_0_0_chr1_34781189_f_Mut_1",30.3274596461314,0
"5P_1_7_chr1_34781572_34781573_NM_024009.2(GJB3):c.-231G|A_NM_024009.2_utr5_0_0_chr1_34781189_f_Ref_1",27.736066587931,0
"5P_1_7_chr1_34781644_34781645_NM_024009.2(GJB3):c.-159T|C_NM_024009.2_utr5_0_0_chr1_34781189_f_Mut_1",27.0807513978682,0
"5P_1_7_chr1_34781644_34781645_NM_024009.2(GJB3):c.-159T|C_NM_024009.2_utr5_0_0_chr1_34781189_f_Ref_1",98.7098355005342,0
"5P_1_7_chr1_34781710_34781711_NM_024009.2(GJB3):c.-93C|T_NM_024009.2_utr5_0_0_chr1_34781189_f_Mut_1",135.330345891722,0
"5P_1_7_chr1_34781710_34781711_NM_024009.2(GJB3):c.-93C|T_NM_024009.2_utr5_0_0_chr1_34781189_f_Ref_1",21.6899438565033,0
"5P_1_7_chr1_40258077_40258078_NM_005857.4(ZMPSTE24):c.-194A|G_NM_005857.4_utr5_0_0_chr1_40258050_f_Mut_1",37.9622784970466,0
"5P_1_7_chr1_40258077_40258078_NM_005857.4(ZMPSTE24):c.-194A|G_NM_005857.4_utr5_0_0_chr1_40258050_f_Ref_4",50.7869001303202,0
"5P_1_7_chr1_40258090_40258091_NM_005857.4(ZMPSTE24):c.-181A|G_NM_005857.4_utr5_0_0_chr1_40258050_f_Mut_1",20.2996302556019,0
"5P_1_7_chr1_40258099_40258100_NM_005857.4(ZMPSTE24):c.-172A|C_NM_005857.4_utr5_0_0_chr1_40258050_f_Mut_1",25.1460580059581,0
"5P_1_7_chr1_40258216_40258217_NM_005857.4(ZMPSTE24):c.-55C|G_NM_005857.4_utr5_0_0_chr1_40258050_f_Mut_1",24.5987878929317,0
"5P_1_7_chr1_40258216_40258217_NM_005857.4(ZMPSTE24):c.-55C|G_NM_005857.4_utr5_0_0_chr1_40258050_f_Ref_3",54.1660056170244,0
"5P_1_7_chr1_42959074_42959075_NM_006516.2(SLC2A1):c.-424C|G_NR_033967.1_utr5_0_0_chr1_42959049_f_Mut_1",179.573782745571,0
"5P_1_7_chr1_42959133_42959134_NM_006516.2(SLC2A1):c.-483G|T_NR_033967.1_utr5_0_0_chr1_42959049_f_Ref_1",145.705989376377,0
"5P_1_7_chr1_42959160_42959161_NM_006516.2(SLC2A1):c.-510G|C_NR_033967.1_utr5_0_0_chr1_42959049_f_Mut_1",28.5504285186124,0
"5P_1_7_chr1_42959160_42959161_NM_006516.2(SLC2A1):c.-510G|C_NR_033967.1_utr5_0_0_chr1_42959049_f_Ref_1",44.8255844514052,0
"5P_1_7_chr1_45012198_45012199_NM_000374.4(UROD):c.-67G|A_NM_000374.4_utr5_0_0_chr1_45012133_f_Mut_1",73.1584836491203,0
"5P_1_7_chr1_45012198_45012199_NM_000374.4(UROD):c.-67G|A_NM_000374.4_utr5_0_0_chr1_45012133_f_Ref_1",65.8075133995183,0
"5P_1_7_chr1_45012208_45012209_NM_000374.4(UROD):c.-57dupG_NM_000374.4_utr5_0_0_chr1_45012133_f_Mut_1",55.288741669568,0
"5P_1_7_chr1_45012208_45012209_NM_000374.4(UROD):c.-57dupG_NM_000374.4_utr5_0_0_chr1_45012133_f_Ref_4",153.294085389408,0
"5P_1_7_chr1_45012213_45012214_NM_000374.4(UROD):c.-52C|A_NM_000374.4_utr5_0_0_chr1_45012133_f_Mut_1",37.9715381494307,0
"5P_1_7_chr1_45012264_45012265_NM_000374.4(UROD):c.-1C|T_NM_000374.4_utr5_0_0_chr1_45012133_f_Mut_1",32.2602302027407,0
"5P_1_7_chr1_45015542_45015543_NM_000374.4(UROD):c.*45C|T_NR_036510.1_utr5_9_0_chr1_45015337_f_Mut_1",40.184303292383,1
"5P_1_7_chr1_45015542_45015543_NM_000374.4(UROD):c.*45C|T_NR_036510.1_utr5_9_0_chr1_45015337_f_Ref_1",32.1484343195744,1
"5P_1_7_chr1_45015577_45015578_NM_000374.4(UROD):c.*80A|G_NR_036510.1_utr5_9_0_chr1_45015337_f_Mut_1",260.389346547626,1
"5P_1_7_chr1_45015577_45015578_NM_000374.4(UROD):c.*80A|G_NR_036510.1_utr5_9_0_chr1_45015337_f_Ref_1",57.5282586728471,1
"5P_1_7_chr1_45340212_45340213_NM_001128425.1(MUTYH):c.36+6C|G_NM_025077.3_utr5_0_0_chr1_45339670_f_Mut_1",23.8522099142597,0
"5P_1_7_chr1_45340213_45340214_NM_001128425.1(MUTYH):c.36+5G|A_NM_025077.3_utr5_0_0_chr1_45339670_f_Mut_1",28.5303090251912,0
"5P_1_7_chr1_45340214_45340215_NM_001128425.1(MUTYH):c.36+4C|G_NM_025077.3_utr5_0_0_chr1_45339670_f_Mut_1",25.0476658317516,0
"5P_1_7_chr1_45500184_45500185_NM_015506.2(MMACHC):c.-148T|C_NM_015506.2_utr5_0_0_chr1_45500184_f_Mut_1",26.1199126014517,0
"5P_1_7_chr1_45500184_45500185_NM_015506.2(MMACHC):c.-148T|C_NM_015506.2_utr5_0_0_chr1_45500184_f_Ref_3",38.741470603536,0
"5P_1_7_chr1_45500209_45500210_NM_015506.2(MMACHC):c.-123A|T_NM_015506.2_utr5_0_0_chr1_45500184_f_Mut_1",15.5326277041467,0
"5P_1_7_chr1_45500238_45500239_NM_015506.2(MMACHC):c.-94A|G_NM_015506.2_utr5_0_0_chr1_45500184_f_Mut_1",59.4509961861555,0
"5P_1_7_chr1_45500307_45500308_NM_015506.2(MMACHC):c.-25G|A_NM_015506.2_utr5_0_0_chr1_45500184_f_Mut_1",36.5810925111476,0
"5P_1_7_chr10_100987625_100987626_NM_021830.4(TWNK):c.-585T|G_NM_021830.4_utr5_0_0_chr10_100987536_f_Mut_1",75.2898453909109,0
"5P_1_7_chr10_100987625_100987626_NM_021830.4(TWNK):c.-585T|G_NM_021830.4_utr5_0_0_chr10_100987536_f_Ref_1",23.6632736268821,0
"5P_1_7_chr10_100987661_100987662_NM_021830.4(TWNK):c.-549G|A_NM_021830.4_utr5_0_0_chr10_100987536_f_Mut_1",10.1619316290177,0
"5P_1_7_chr10_100987661_100987662_NM_021830.4(TWNK):c.-549G|A_NM_021830.4_utr5_0_0_chr10_100987536_f_Ref_1",63.2945992278267,0
"5P_1_7_chr10_100987740_100987741_NM_021830.4(TWNK):c.-470G|A_NM_021830.4_utr5_0_0_chr10_100987536_f_Mut_1",28.0924721347885,0
"5P_1_7_chr10_100987740_100987741_NM_021830.4(TWNK):c.-470G|A_NM_021830.4_utr5_0_0_chr10_100987536_f_Ref_1",29.9521713898066,0
"5P_1_7_chr10_100987787_100987788_NM_021830.4(TWNK):c.-423C|T_NM_021830.4_utr5_0_0_chr10_100987536_f_Mut_1",23.5479365942079,0
"5P_1_7_chr10_100987787_100987788_NM_021830.4(TWNK):c.-423C|T_NM_021830.4_utr5_0_0_chr10_100987536_f_Ref_1",50.8317911463824,0
"5P_1_7_chr10_100988105_100988106_NM_021830.4(TWNK):c.-105T|C_NM_021830.4_utr5_0_0_chr10_100987536_f_Mut_1",33.6728869007811,1
"5P_1_7_chr10_100988105_100988106_NM_021830.4(TWNK):c.-105T|C_NM_021830.4_utr5_0_0_chr10_100987536_f_Ref_1",12.8623792595808,1
"5P_1_7_chr10_102503971_102503972_NM_016169.3(SUFU):c.-181A|G_NM_016169.3_utr5_0_0_chr10_102503962_f_Mut_1",137.358243067263,0
"5P_1_7_chr10_102503971_102503972_NM_016169.3(SUFU):c.-181A|G_NM_016169.3_utr5_0_0_chr10_102503962_f_Ref_2",29.0239052681464,0
"5P_1_7_chr10_102503989_102503990_NM_016169.3(SUFU):c.-163A|G_NM_016169.3_utr5_0_0_chr10_102503962_f_Mut_1",17.0073982122887,0
"5P_1_7_chr10_102504049_102504050_NM_016169.3(SUFU):c.-103C|A_NM_016169.3_utr5_0_0_chr10_102503962_f_Mut_1",11.9782296347893,0
"5P_1_7_chr10_102504049_102504050_NM_016169.3(SUFU):c.-103C|A_NM_016169.3_utr5_0_0_chr10_102503962_f_Ref_1",24.3003220969927,0
"5P_1_7_chr10_102504071_102504072_NM_016169.3(SUFU):c.-81C|A_NM_016169.3_utr5_0_0_chr10_102503962_f_Mut_1",103.109591782967,1
"5P_1_7_chr10_102504071_102504072_NM_016169.3(SUFU):c.-81C|A_NM_016169.3_utr5_0_0_chr10_102503962_f_Ref_2",25.1614983062418,1
"5P_1_7_chr10_102504071_102504072_NM_016169.3(SUFU):c.-81C|T_NM_016169.3_utr5_0_0_chr10_102503962_f_Mut_1",16.917941798992,1
"5P_1_7_chr10_102504119_102504120_NM_016169.3(SUFU):c.-33C|T_NM_016169.3_utr5_0_0_chr10_102503962_f_Ref_1",36.0728709296143,1
"5P_1_7_chr10_102918415_102918416_NM_017649.4(CNNM2):c.-65G|A_NM_199076.2_utr5_0_0_chr10_102918318_f_Mut_1",94.7100017632422,0
"5P_1_7_chr10_102918415_102918416_NM_017649.4(CNNM2):c.-65G|A_NM_199076.2_utr5_0_0_chr10_102918318_f_Ref_1",40.3205884643985,0
"5P_1_7_chr10_110567701_110567702_NM_005445.3(SMC3):c.-115T|C_NM_005445.3_utr5_0_0_chr10_110567691_f_Ref_1",152.420896078964,1
"5P_1_7_chr10_110567751_110567752_NM_005445.3(SMC3):c.-65T|A_NM_005445.3_utr5_0_0_chr10_110567691_f_Ref_1",167.885261457456,1
"5P_1_7_chr10_110964357_110964358_NM_007373.3(SHOC2):c.-1C|T_NM_001324336.1_utr5_1_0_chr10_110964125_f_Mut_1",92.0311264003979,1
"5P_1_7_chr10_110964357_110964358_NM_007373.3(SHOC2):c.-1C|T_NM_001324336.1_utr5_1_0_chr10_110964125_f_Ref_1",43.1880241668487,1
"5P_1_7_chr10_111012221_111012222_NM_007373.3(SHOC2):c.*404A|G_NR_136749.1_utr5_7_0_chr10_111011610_f_Mut_1",21.6031071589103,1
"5P_1_7_chr10_111012221_111012222_NM_007373.3(SHOC2):c.*404A|G_NR_136749.1_utr5_7_0_chr10_111011610_f_Ref_1",18.3512551045465,1
"5P_1_7_chr10_111012335_111012336_NM_007373.3(SHOC2):c.*518T|C_NR_136749.1_utr5_7_0_chr10_111011610_f_Mut_1",22.9801585931243,1
"5P_1_7_chr10_111012335_111012336_NM_007373.3(SHOC2):c.*518T|C_NR_136749.1_utr5_7_0_chr10_111011610_f_Ref_1",28.6282354092498,1
"5P_1_7_chr10_111012431_111012432_NM_007373.3(SHOC2):c.*614T|G_NR_136749.1_utr5_7_0_chr10_111011610_f_Mut_1",11.0202221289891,1
"5P_1_7_chr10_111012431_111012432_NM_007373.3(SHOC2):c.*614T|G_NR_136749.1_utr5_7_0_chr10_111011610_f_Ref_1",34.2069848923033,1
"5P_1_7_chr10_111012442_111012443_NM_007373.3(SHOC2):c.*625delA_NR_136749.1_utr5_7_0_chr10_111011610_f_Mut_1",96.6720871639065,1
"5P_1_7_chr10_111012442_111012443_NM_007373.3(SHOC2):c.*625delA_NR_136749.1_utr5_7_0_chr10_111011610_f_Ref_1",29.2350157347518,1
"5P_1_7_chr10_111012473_111012474_NM_007373.3(SHOC2):c.*656C|G_NR_136749.1_utr5_7_0_chr10_111011610_f_Ref_1",77.8466759098888,1
"5P_1_7_chr10_111012775_111012776_NM_007373.3(SHOC2):c.*958C|A_NR_136749.1_utr5_7_0_chr10_111011610_f_Mut_1",13.1590318734224,1
"5P_1_7_chr10_111013035_111013036_NM_007373.3(SHOC2):c.*1218C|T_NR_136749.1_utr5_7_0_chr10_111011610_f_Mut_1",22.7815100122034,1
"5P_1_7_chr10_111013035_111013036_NM_007373.3(SHOC2):c.*1218C|T_NR_136749.1_utr5_7_0_chr10_111011610_f_Ref_1",15.3176852831864,1
"5P_1_7_chr10_111013062_111013063_NM_007373.3(SHOC2):c.*1245T|C_NR_136749.1_utr5_7_0_chr10_111011610_f_Mut_1",22.1104749129235,1
"5P_1_7_chr10_111013062_111013063_NM_007373.3(SHOC2):c.*1245T|C_NR_136749.1_utr5_7_0_chr10_111011610_f_Ref_1",43.1856748472949,1
"5P_1_7_chr10_111013303_111013304_NM_007373.3(SHOC2):c.*1486dupT_NR_136749.1_utr5_7_0_chr10_111011610_f_Mut_1",19.4052108481916,1
"5P_1_7_chr10_111013303_111013304_NM_007373.3(SHOC2):c.*1486dupT_NR_136749.1_utr5_7_0_chr10_111011610_f_Ref_1",25.5496349623275,1
"5P_1_7_chr10_111013304_111013305_NM_007373.3(SHOC2):c.*1487G|T_NR_136749.1_utr5_7_0_chr10_111011610_f_Mut_1",15.09088968708,1
"5P_1_7_chr10_111013304_111013305_NM_007373.3(SHOC2):c.*1487G|T_NR_136749.1_utr5_7_0_chr10_111011610_f_Ref_1",24.677259628725,1
"5P_1_7_chr10_111013392_111013393_NM_007373.3(SHOC2):c.*1575A|G_NR_136749.1_utr5_7_0_chr10_111011610_f_Mut_1",53.4651947587847,1
"5P_1_7_chr10_111013392_111013393_NM_007373.3(SHOC2):c.*1575A|G_NR_136749.1_utr5_7_0_chr10_111011610_f_Ref_1",34.043036977892,1
"5P_1_7_chr10_113553051_113553052_NM_004132.4(HABP2):c.-70delT_NM_004132.4_utr5_0_0_chr10_113552978_f_Mut_1",32.2020249731201,1
"5P_1_7_chr10_113553051_113553052_NM_004132.4(HABP2):c.-70delT_NM_004132.4_utr5_0_0_chr10_113552978_f_Ref_1",48.1579462799268,1
"5P_1_7_chr10_113553056_113553057_NM_004132.4(HABP2):c.-65C|G_NM_004132.4_utr5_0_0_chr10_113552978_f_Mut_1",36.1966259159755,1
"5P_1_7_chr10_113553056_113553057_NM_004132.4(HABP2):c.-65C|G_NM_004132.4_utr5_0_0_chr10_113552978_f_Ref_1",61.9387881277802,1
"5P_1_7_chr10_113553118_113553119_NM_004132.4(HABP2):c.-3A|G_NM_004132.4_utr5_0_0_chr10_113552978_f_Mut_1",16.8290096381935,1
"5P_1_7_chr10_113553118_113553119_NM_004132.4(HABP2):c.-3A|G_NM_004132.4_utr5_0_0_chr10_113552978_f_Ref_1",18.5797368791396,1
"5P_1_7_chr10_119651390_119651391_NM_004281.3(BAG3):c.-285C|A_NM_004281.3_utr5_0_0_chr10_119651370_f_Mut_1",99.401227071682,0
"5P_1_7_chr10_119651390_119651391_NM_004281.3(BAG3):c.-285C|A_NM_004281.3_utr5_0_0_chr10_119651370_f_Ref_2",35.9668523345085,0
"5P_1_7_chr10_119651390_119651391_NM_004281.3(BAG3):c.-285C|T_NM_004281.3_utr5_0_0_chr10_119651370_f_Mut_1",44.4544227884642,0
"5P_1_7_chr10_123008927_123008928_NM_001609.3(ACADSB):c.-102G|C_NM_001609.3_utr5_0_0_chr10_123008913_f_Mut_1",27.4552428450165,0
"5P_1_7_chr10_123008990_123008991_NM_001609.3(ACADSB):c.-39G|A_NM_001609.3_utr5_0_0_chr10_123008913_f_Ref_2",8.51664315176071,0
"5P_1_7_chr10_123009007_123009008_NM_001609.3(ACADSB):c.-22A|G_NM_001609.3_utr5_0_0_chr10_123008913_f_Mut_1",15.3753004823712,0
"5P_1_7_chr10_13100215_13100216_NM_021980.4(OPTN):c.-98C|A_NM_021980.4_utr5_0_0_chr10_13100082_f_Mut_1",38.3304398688523,0
"5P_1_7_chr10_18340742_18340743_NM_201590.2(CACNB2):c.-184T|A_NM_201590.2_utr5_0_0_chr10_18340685_f_Mut_1",63.3733625955685,0
"5P_1_7_chr10_18340742_18340743_NM_201590.2(CACNB2):c.-184T|A_NM_201590.2_utr5_0_0_chr10_18340685_f_Ref_1",44.1340276088701,0
"5P_1_7_chr10_25934120_25934121_NM_017433.4(MYO3A):c.-312G|A_NM_017433.4_utr5_0_0_chr10_25934073_f_Mut_1",15.8888739774544,0
"5P_1_7_chr10_25934120_25934121_NM_017433.4(MYO3A):c.-312G|A_NM_017433.4_utr5_0_0_chr10_25934073_f_Ref_1",42.1759204697342,0
"5P_1_7_chr10_25934130_25934131_NM_017433.4(MYO3A):c.-302G|C_NM_017433.4_utr5_0_0_chr10_25934073_f_Ref_1",46.6037984654082,0
"5P_1_7_chr10_25934243_25934244_NM_017433.4(MYO3A):c.-189C|G_NM_017433.4_utr5_0_0_chr10_25934073_f_Mut_1",62.7616214054144,0
"5P_1_7_chr10_25934243_25934244_NM_017433.4(MYO3A):c.-189C|G_NM_017433.4_utr5_0_0_chr10_25934073_f_Ref_1",28.2400350615881,0
"5P_1_7_chr10_27154825_27154826_NM_032844.4(MASTL):c.-601T|A_NM_001172304.2_utr5_0_0_chr10_27154824_f_Mut_1",33.5118953797529,0
"5P_1_7_chr10_27154825_27154826_NM_032844.4(MASTL):c.-601T|A_NM_001172304.2_utr5_0_0_chr10_27154824_f_Ref_2",18.980918653871,1
"5P_1_7_chr10_27154858_27154859_NM_032844.4(MASTL):c.-568G|A_NM_001172304.2_utr5_0_0_chr10_27154824_f_Mut_1",151.521034730003,1
"5P_1_7_chr10_27155080_27155081_NM_032844.4(MASTL):c.-346delG_NM_001172304.2_utr5_0_0_chr10_27154824_f_Ref_1",68.0644033556256,0
"5P_1_7_chr10_27155081_27155082_NM_032844.4(MASTL):c.-345T|C_NM_001172304.2_utr5_0_0_chr10_27154824_f_Mut_1",75.2948938234564,0
"5P_1_7_chr10_27155081_27155082_NM_032844.4(MASTL):c.-345T|C_NM_001172304.2_utr5_0_0_chr10_27154824_f_Ref_1",57.280885299326,0
"5P_1_7_chr10_27155172_27155173_NM_032844.4(MASTL):c.-254T|G_NM_001172304.2_utr5_0_0_chr10_27154824_f_Mut_1",15.2100480424048,1
"5P_1_7_chr10_27155186_27155187_NM_032844.4(MASTL):c.-240G|A_NM_001172304.2_utr5_0_0_chr10_27154824_f_Ref_1",226.103899960527,1
"5P_1_7_chr10_27155200_27155201_NM_032844.4(MASTL):c.-226G|A_NM_001172304.2_utr5_0_0_chr10_27154824_f_Mut_1",40.4428147084945,1
"5P_1_7_chr10_27155200_27155201_NM_032844.4(MASTL):c.-226G|A_NM_001172304.2_utr5_0_0_chr10_27154824_f_Ref_1",34.1346938182084,1
"5P_1_7_chr10_27155256_27155257_NM_032844.4(MASTL):c.-170C|T_NM_001172304.2_utr5_0_0_chr10_27154824_f_Mut_1",81.8687911204059,0
"5P_1_7_chr10_27155256_27155257_NM_032844.4(MASTL):c.-170C|T_NM_001172304.2_utr5_0_0_chr10_27154824_f_Ref_1",49.2681165391676,0
"5P_1_7_chr10_27155269_27155270_NM_032844.4(MASTL):c.-157C|T_NM_001172304.2_utr5_0_0_chr10_27154824_f_Ref_1",137.290479295655,0
"5P_1_7_chr10_27186667_27186668_NM_032844.4(MASTL):c.*132G|A_NR_135469.1_utr5_10_0_chr10_27186379_f_Mut_1",25.3549578946133,1
"5P_1_7_chr10_27186667_27186668_NM_032844.4(MASTL):c.*132G|A_NR_135469.1_utr5_10_0_chr10_27186379_f_Ref_1",31.8991299142806,1
"5P_1_7_chr10_27186738_27186739_NM_032844.4(MASTL):c.*203T|A_NR_135469.1_utr5_10_0_chr10_27186379_f_Mut_1",17.5278841606719,1
"5P_1_7_chr10_27186738_27186739_NM_032844.4(MASTL):c.*203T|A_NR_135469.1_utr5_10_0_chr10_27186379_f_Ref_1",17.7135509581909,1
"5P_1_7_chr10_27186787_27186788_NM_032844.4(MASTL):c.*252T|C_NR_135469.1_utr5_10_0_chr10_27186379_f_Mut_1",12.0425385161774,1
"5P_1_7_chr10_27186787_27186788_NM_032844.4(MASTL):c.*252T|C_NR_135469.1_utr5_10_0_chr10_27186379_f_Ref_1",14.0272720701529,1
"5P_1_7_chr10_27504187_27504188_NM_021252.4(RAB18):c.-182G|A_NM_001256415.1_utr5_0_0_chr10_27504174_f_Mut_1",27.1534914108651,0
"5P_1_7_chr10_27504187_27504188_NM_021252.4(RAB18):c.-182G|A_NM_001256415.1_utr5_0_0_chr10_27504174_f_Ref_2",55.9250570811129,0
"5P_1_7_chr10_27504225_27504226_NM_021252.4(RAB18):c.-144T|A_NM_001256415.1_utr5_0_0_chr10_27504174_f_Mut_1",24.7512653341841,0
"5P_1_7_chr10_27504286_27504287_NM_021252.4(RAB18):c.-83C|A_NM_001256415.1_utr5_0_0_chr10_27504174_f_Ref_1",242.845117337015,0
"5P_1_7_chr10_27504290_27504291_NM_021252.4(RAB18):c.-79T|A_NM_001256415.1_utr5_0_0_chr10_27504174_f_Mut_1",159.214610053305,0
"5P_1_7_chr10_27504290_27504291_NM_021252.4(RAB18):c.-79T|A_NM_001256415.1_utr5_0_0_chr10_27504174_f_Ref_1",37.9721988492506,0
"5P_1_7_chr10_27504328_27504329_NM_021252.4(RAB18):c.-41A|G_NM_001256415.1_utr5_0_0_chr10_27504174_f_Mut_1",56.6008621393625,0
"5P_1_7_chr10_27538066_27538067_NM_021252.4(RAB18):c.*16A|G_NR_046172.1_utr5_5_0_chr10_27537876_f_Mut_1",52.5548453576644,0
"5P_1_7_chr10_27538066_27538067_NM_021252.4(RAB18):c.*16A|G_NR_046172.1_utr5_5_0_chr10_27537876_f_Ref_1",55.4735644796611,0
"5P_1_7_chr10_27538112_27538113_NM_021252.4(RAB18):c.*62C|T_NR_046172.1_utr5_5_0_chr10_27537876_f_Mut_1",19.1366621629725,1
"5P_1_7_chr10_27538112_27538113_NM_021252.4(RAB18):c.*62C|T_NR_046172.1_utr5_5_0_chr10_27537876_f_Ref_1",23.4640455982624,1
"5P_1_7_chr10_27538149_27538150_NM_021252.4(RAB18):c.*99C|T_NR_046172.1_utr5_5_0_chr10_27537876_f_Mut_1",22.4839885329978,1
"5P_1_7_chr10_27538149_27538150_NM_021252.4(RAB18):c.*99C|T_NR_046172.1_utr5_5_0_chr10_27537876_f_Ref_1",15.2318183315238,1
"5P_1_7_chr10_27538200_27538201_NM_021252.4(RAB18):c.*150C|T_NR_046172.1_utr5_5_0_chr10_27537876_f_Mut_1",35.640737404494,1
"5P_1_7_chr10_27538304_27538305_NM_021252.4(RAB18):c.*254A|G_NR_046172.1_utr5_5_0_chr10_27537876_f_Mut_1",13.1618170152986,1
"5P_1_7_chr10_27538304_27538305_NM_021252.4(RAB18):c.*254A|G_NR_046172.1_utr5_5_0_chr10_27537876_f_Ref_1",14.2512485516908,1
"5P_1_7_chr10_27538375_27538376_NM_021252.4(RAB18):c.*325C|G_NR_046172.1_utr5_5_0_chr10_27537876_f_Mut_1",23.5045703490652,1
"5P_1_7_chr10_27538375_27538376_NM_021252.4(RAB18):c.*325C|G_NR_046172.1_utr5_5_0_chr10_27537876_f_Ref_1",22.8100534366506,1
"5P_1_7_chr10_27538432_27538433_NM_021252.4(RAB18):c.*382C|T_NR_046172.1_utr5_5_0_chr10_27537876_f_Mut_1",30.6697969017589,1
"5P_1_7_chr10_27538432_27538433_NM_021252.4(RAB18):c.*382C|T_NR_046172.1_utr5_5_0_chr10_27537876_f_Ref_1",40.4749047637132,1
"5P_1_7_chr10_27538452_27538453_NM_021252.4(RAB18):c.*402T|C_NR_046172.1_utr5_5_0_chr10_27537876_f_Mut_1",9.22045518076868,1
"5P_1_7_chr10_27538607_27538608_NM_021252.4(RAB18):c.*557G|A_NR_046172.1_utr5_5_0_chr10_27537876_f_Mut_1",64.9725697016005,1
"5P_1_7_chr10_27538607_27538608_NM_021252.4(RAB18):c.*557G|A_NR_046172.1_utr5_5_0_chr10_27537876_f_Ref_1",22.4486721853871,1
"5P_1_7_chr10_27538791_27538792_NM_021252.4(RAB18):c.*741A|G_NR_046172.1_utr5_5_0_chr10_27537876_f_Mut_1",51.5089688031108,1
"5P_1_7_chr10_27538791_27538792_NM_021252.4(RAB18):c.*741A|G_NR_046172.1_utr5_5_0_chr10_27537876_f_Ref_1",42.8883997637779,1
"5P_1_7_chr10_27538814_27538815_NM_021252.4(RAB18):c.*764A|G_NR_046172.1_utr5_5_0_chr10_27537876_f_Mut_1",40.7681147975846,1
"5P_1_7_chr10_27538814_27538815_NM_021252.4(RAB18):c.*764A|G_NR_046172.1_utr5_5_0_chr10_27537876_f_Ref_1",36.5330955954569,1
"5P_1_7_chr10_27538940_27538941_NM_021252.4(RAB18):c.*890G|A_NR_046172.1_utr5_5_0_chr10_27537876_f_Mut_1",25.151071606167,0
"5P_1_7_chr10_27538940_27538941_NM_021252.4(RAB18):c.*890G|A_NR_046172.1_utr5_5_0_chr10_27537876_f_Ref_1",37.3782797158692,0
"5P_1_7_chr10_27539006_27539007_NM_021252.4(RAB18):c.*956A|C_NR_046172.1_utr5_5_0_chr10_27537876_f_Mut_1",296.719435924973,0
"5P_1_7_chr10_27539006_27539007_NM_021252.4(RAB18):c.*956A|C_NR_046172.1_utr5_5_0_chr10_27537876_f_Ref_1",36.978754330947,0
"5P_1_7_chr10_27539042_27539043_NM_021252.4(RAB18):c.*992C|A_NR_046172.1_utr5_5_0_chr10_27537876_f_Mut_1",34.5648061979399,1
"5P_1_7_chr10_27539042_27539043_NM_021252.4(RAB18):c.*992C|A_NR_046172.1_utr5_5_0_chr10_27537876_f_Ref_1",190.797791195744,1
"5P_1_7_chr10_27539139_27539140_NM_021252.4(RAB18):c.*1089C|A_NR_046172.1_utr5_5_0_chr10_27537876_f_Mut_1",23.0279301070214,1
"5P_1_7_chr10_27539139_27539140_NM_021252.4(RAB18):c.*1089C|A_NR_046172.1_utr5_5_0_chr10_27537876_f_Ref_1",22.6427046165272,1
"5P_1_7_chr10_27539186_27539187_NM_021252.4(RAB18):c.*1136G|A_NR_046172.1_utr5_5_0_chr10_27537876_f_Mut_1",33.4172278533588,1
"5P_1_7_chr10_27539186_27539187_NM_021252.4(RAB18):c.*1136G|A_NR_046172.1_utr5_5_0_chr10_27537876_f_Ref_1",55.1802009354817,1
"5P_1_7_chr10_27539191_27539192_NM_021252.4(RAB18):c.*1141T|C_NR_046172.1_utr5_5_0_chr10_27537876_f_Mut_1",16.2759594558105,1
"5P_1_7_chr10_27539191_27539192_NM_021252.4(RAB18):c.*1141T|C_NR_046172.1_utr5_5_0_chr10_27537876_f_Ref_1",25.8645736798497,1
"5P_1_7_chr10_27539538_27539539_NM_021252.4(RAB18):c.*1488A|C_NR_046172.1_utr5_5_0_chr10_27537876_f_Mut_1",24.1325475966058,1
"5P_1_7_chr10_27539538_27539539_NM_021252.4(RAB18):c.*1488A|C_NR_046172.1_utr5_5_0_chr10_27537876_f_Ref_1",27.8950406418569,1
"5P_1_7_chr10_27539552_27539553_NM_021252.4(RAB18):c.*1502G|C_NR_046172.1_utr5_5_0_chr10_27537876_f_Mut_1",19.0205182994293,1
"5P_1_7_chr10_27539552_27539553_NM_021252.4(RAB18):c.*1502G|C_NR_046172.1_utr5_5_0_chr10_27537876_f_Ref_1",18.7176695277279,1
"5P_1_7_chr10_27539746_27539747_NM_021252.4(RAB18):c.*1696T|A_NR_046172.1_utr5_5_0_chr10_27537876_f_Mut_1",36.8399386854277,1
"5P_1_7_chr10_27539746_27539747_NM_021252.4(RAB18):c.*1696T|A_NR_046172.1_utr5_5_0_chr10_27537876_f_Ref_1",17.0792548441144,1
"5P_1_7_chr10_27539895_27539896_NM_021252.4(RAB18):c.*1845G|T_NR_046172.1_utr5_5_0_chr10_27537876_f_Mut_1",31.2107374387141,1
"5P_1_7_chr10_27539895_27539896_NM_021252.4(RAB18):c.*1845G|T_NR_046172.1_utr5_5_0_chr10_27537876_f_Ref_1",58.2311172026166,1
"5P_1_7_chr10_27539945_27539946_NM_021252.4(RAB18):c.*1895G|C_NR_046172.1_utr5_5_0_chr10_27537876_f_Mut_1",31.964938265321,1
"5P_1_7_chr10_27539945_27539946_NM_021252.4(RAB18):c.*1895G|C_NR_046172.1_utr5_5_0_chr10_27537876_f_Ref_1",11.1179371635151,1
"5P_1_7_chr10_27539993_27539994_NM_021252.4(RAB18):c.*1943G|A_NR_046172.1_utr5_5_0_chr10_27537876_f_Mut_1",89.2523458284682,1
"5P_1_7_chr10_27539993_27539994_NM_021252.4(RAB18):c.*1943G|A_NR_046172.1_utr5_5_0_chr10_27537876_f_Ref_1",190.482320883405,1
"5P_1_7_chr10_27540080_27540081_NM_021252.4(RAB18):c.*2030G|T_NR_046172.1_utr5_5_0_chr10_27537876_f_Ref_1",19.734519592764,1
"5P_1_7_chr10_27540292_27540293_NM_021252.4(RAB18):c.*2242A|G_NR_046172.1_utr5_5_0_chr10_27537876_f_Mut_1",12.1767772088731,1
"5P_1_7_chr10_27540292_27540293_NM_021252.4(RAB18):c.*2242A|G_NR_046172.1_utr5_5_0_chr10_27537876_f_Ref_1",27.0045321180738,1
"5P_1_7_chr10_27540470_27540471_NM_021252.4(RAB18):c.*2420C|A_NR_046172.1_utr5_5_0_chr10_27537876_f_Mut_1",27.5057087505291,1
"5P_1_7_chr10_27540470_27540471_NM_021252.4(RAB18):c.*2420C|A_NR_046172.1_utr5_5_0_chr10_27537876_f_Ref_1",29.5413773357692,1
"5P_1_7_chr10_27540838_27540839_NM_021252.4(RAB18):c.*2788C|T_NR_046172.1_utr5_5_0_chr10_27537876_f_Mut_1",38.5483453982622,1
"5P_1_7_chr10_27540838_27540839_NM_021252.4(RAB18):c.*2788C|T_NR_046172.1_utr5_5_0_chr10_27537876_f_Ref_1",30.3656053169528,1
"5P_1_7_chr10_27540912_27540913_NM_021252.4(RAB18):c.*2862T|C_NR_046172.1_utr5_5_0_chr10_27537876_f_Mut_1",21.3209523709021,0
"5P_1_7_chr10_27540912_27540913_NM_021252.4(RAB18):c.*2862T|C_NR_046172.1_utr5_5_0_chr10_27537876_f_Ref_1",8.11892376393869,0
"5P_1_7_chr10_27540993_27540994_NM_021252.4(RAB18):c.*2943A|G_NR_046172.1_utr5_5_0_chr10_27537876_f_Ref_1",123.210034036331,1
"5P_1_7_chr10_27541096_27541098_NM_021252.4(RAB18):c.*3046_*3047dupGG_NR_046172.1_utr5_5_0_chr10_27537876_f_Mut_1",28.4014901047875,1
"5P_1_7_chr10_27541096_27541098_NM_021252.4(RAB18):c.*3046_*3047dupGG_NR_046172.1_utr5_5_0_chr10_27537876_f_Ref_1",25.4650805904395,1
"5P_1_7_chr10_27541216_27541217_NM_021252.4(RAB18):c.*3166C|T_NR_046172.1_utr5_5_0_chr10_27537876_f_Mut_1",43.7745169211888,0
"5P_1_7_chr10_27541216_27541217_NM_021252.4(RAB18):c.*3166C|T_NR_046172.1_utr5_5_0_chr10_27537876_f_Ref_1",19.0805405089813,0
"5P_1_7_chr10_27541217_27541218_NM_021252.4(RAB18):c.*3167G|A_NR_046172.1_utr5_5_0_chr10_27537876_f_Mut_1",19.4600041404485,0
"5P_1_7_chr10_27541217_27541218_NM_021252.4(RAB18):c.*3167G|A_NR_046172.1_utr5_5_0_chr10_27537876_f_Ref_1",27.2303896089967,0
"5P_1_7_chr10_27541243_27541244_NM_021252.4(RAB18):c.*3193C|T_NR_046172.1_utr5_5_0_chr10_27537876_f_Mut_1",44.8276253049702,1
"5P_1_7_chr10_27541243_27541244_NM_021252.4(RAB18):c.*3193C|T_NR_046172.1_utr5_5_0_chr10_27537876_f_Ref_1",73.3713055354831,1
"5P_1_7_chr10_27541343_27541344_NM_021252.4(RAB18):c.*3293delC_NR_046172.1_utr5_5_0_chr10_27537876_f_Mut_1",42.572998431602,1
"5P_1_7_chr10_27541343_27541344_NM_021252.4(RAB18):c.*3293delC_NR_046172.1_utr5_5_0_chr10_27537876_f_Ref_1",122.424005214229,1
"5P_1_7_chr10_27541649_27541650_NM_021252.4(RAB18):c.*3599dupC_NR_046172.1_utr5_5_0_chr10_27537876_f_Mut_1",64.3443564876826,1
"5P_1_7_chr10_27541649_27541650_NM_021252.4(RAB18):c.*3599dupC_NR_046172.1_utr5_5_0_chr10_27537876_f_Ref_1",50.4298773191315,1
"5P_1_7_chr10_27541755_27541759_NM_021252.4(RAB18):c.*3705_*3708delGACT_NR_046172.1_utr5_5_0_chr10_27537876_f_Mut_1",40.6479145893138,1
"5P_1_7_chr10_27541755_27541759_NM_021252.4(RAB18):c.*3705_*3708delGACT_NR_046172.1_utr5_5_0_chr10_27537876_f_Ref_1",31.6200209906601,1
"5P_1_7_chr10_27541779_27541780_NM_021252.4(RAB18):c.*3729G|C_NR_046172.1_utr5_5_0_chr10_27537876_f_Mut_1",29.0131055993008,1
"5P_1_7_chr10_27541977_27541978_NM_021252.4(RAB18):c.*3927A|G_NR_046172.1_utr5_5_0_chr10_27537876_f_Mut_1",48.0739023554687,1
"5P_1_7_chr10_27541977_27541978_NM_021252.4(RAB18):c.*3927A|G_NR_046172.1_utr5_5_0_chr10_27537876_f_Ref_1",51.2737429199053,1
"5P_1_7_chr10_27541989_27541990_NM_021252.4(RAB18):c.*3939A|T_NR_046172.1_utr5_5_0_chr10_27537876_f_Mut_1",51.9890517054798,1
"5P_1_7_chr10_27541989_27541990_NM_021252.4(RAB18):c.*3939A|T_NR_046172.1_utr5_5_0_chr10_27537876_f_Ref_1",90.2910632696427,1
"5P_1_7_chr10_27542089_27542090_NM_021252.4(RAB18):c.*4039A|C_NR_046172.1_utr5_5_0_chr10_27537876_f_Mut_1",46.173128803001,1
"5P_1_7_chr10_27542089_27542090_NM_021252.4(RAB18):c.*4039A|C_NR_046172.1_utr5_5_0_chr10_27537876_f_Ref_1",27.0458364572995,1
"5P_1_7_chr10_43077071_43077072_NM_020975.4(RET):c.-187C|A_NM_020630.4_utr5_0_0_chr10_43077069_f_Mut_1",96.7070387389928,0
"5P_1_7_chr10_43077126_43077127_NM_020975.4(RET):c.-132G|T_NM_020630.4_utr5_0_0_chr10_43077069_f_Mut_1",137.736340628434,0
"5P_1_7_chr10_47348385_47348388_NM_002900.2(RBP3):c.-99_-97delAAG_NM_002900.2_utr5_0_0_chr10_47348371_f_Mut_1",77.1603081029807,0
"5P_1_7_chr10_47348385_47348388_NM_002900.2(RBP3):c.-99_-97delAAG_NM_002900.2_utr5_0_0_chr10_47348371_f_Ref_1",44.9744967308711,0
"5P_1_7_chr10_71362618_71362619_NM_018344.5(SLC29A3):c.*11A|C_NR_033414.1_utr5_3_0_chr10_71361954_f_Mut_1",37.7191610336149,0
"5P_1_7_chr10_71362692_71362693_NM_018344.5(SLC29A3):c.*85G|A_NR_033414.1_utr5_3_0_chr10_71361954_f_Ref_1",62.841676391785,0
"5P_1_7_chr10_71362925_71362926_NM_018344.5(SLC29A3):c.*318C|T_NR_033414.1_utr5_3_0_chr10_71361954_f_Mut_1",36.8512134820144,1
"5P_1_7_chr10_71362925_71362926_NM_018344.5(SLC29A3):c.*318C|T_NR_033414.1_utr5_3_0_chr10_71361954_f_Ref_1",32.6882565658685,0
"5P_1_7_chr10_71362960_71362961_NM_018344.5(SLC29A3):c.*353C|A_NR_033414.1_utr5_3_0_chr10_71361954_f_Ref_1",24.8481207469023,0
"5P_1_7_chr10_71363010_71363011_NM_018344.5(SLC29A3):c.*403C|T_NR_033414.1_utr5_3_0_chr10_71361954_f_Ref_1",81.8789809162975,0
"5P_1_7_chr10_71363036_71363037_NM_018344.5(SLC29A3):c.*429C|T_NR_033414.1_utr5_3_0_chr10_71361954_f_Mut_1",50.4318894295514,0
"5P_1_7_chr10_71363036_71363037_NM_018344.5(SLC29A3):c.*429C|T_NR_033414.1_utr5_3_0_chr10_71361954_f_Ref_1",33.3846617336099,0
"5P_1_7_chr10_71363092_71363093_NM_018344.5(SLC29A3):c.*485G|A_NR_033414.1_utr5_3_0_chr10_71361954_f_Mut_1",42.6255692531884,0
"5P_1_7_chr10_71363092_71363093_NM_018344.5(SLC29A3):c.*485G|A_NR_033414.1_utr5_3_0_chr10_71361954_f_Ref_1",16.7162824695563,0
"5P_1_7_chr10_71363164_71363165_NM_018344.5(SLC29A3):c.*557A|C_NR_033414.1_utr5_3_0_chr10_71361954_f_Mut_1",24.5072902792915,0
"5P_1_7_chr10_71363164_71363165_NM_018344.5(SLC29A3):c.*557A|C_NR_033414.1_utr5_3_0_chr10_71361954_f_Ref_1",14.0181830962495,0
"5P_1_7_chr10_71363210_71363211_NM_018344.5(SLC29A3):c.*603A|G_NR_033414.1_utr5_3_0_chr10_71361954_f_Mut_1",25.3166533000332,0
"5P_1_7_chr10_71363210_71363211_NM_018344.5(SLC29A3):c.*603A|G_NR_033414.1_utr5_3_0_chr10_71361954_f_Ref_1",113.685571461476,0
"5P_1_7_chr10_71363264_71363265_NM_018344.5(SLC29A3):c.*657dupA_NR_033414.1_utr5_3_0_chr10_71361954_f_Mut_1",74.6957808475028,0
"5P_1_7_chr10_71363264_71363265_NM_018344.5(SLC29A3):c.*657dupA_NR_033414.1_utr5_3_0_chr10_71361954_f_Ref_1",171.350110107279,0
"5P_1_7_chr10_71363312_71363313_NM_018344.5(SLC29A3):c.*705G|A_NR_033414.1_utr5_3_0_chr10_71361954_f_Mut_1",37.0501183060697,1
"5P_1_7_chr10_71363312_71363313_NM_018344.5(SLC29A3):c.*705G|A_NR_033414.1_utr5_3_0_chr10_71361954_f_Ref_1",50.8959651454237,1
"5P_1_7_chr10_71396970_71396971_NM_022124.5(CDH23):c.-353C|G_NM_001171932.1_utr5_0_0_chr10_71396934_f_Ref_2",22.2525159554948,0
"5P_1_7_chr10_71397047_71397048_NM_022124.5(CDH23):c.-276G|A_NM_001171932.1_utr5_0_0_chr10_71396934_f_Ref_1",24.1711883467623,1
"5P_1_7_chr10_71397065_71397066_NM_022124.5(CDH23):c.-258G|A_NM_001171932.1_utr5_0_0_chr10_71396934_f_Mut_1",46.1558541068752,1
"5P_1_7_chr10_71397065_71397066_NM_022124.5(CDH23):c.-258G|A_NM_001171932.1_utr5_0_0_chr10_71396934_f_Ref_1",82.9840831815199,1
"5P_1_7_chr10_71397155_71397156_NM_022124.5(CDH23):c.-168C|T_NM_001171932.1_utr5_0_0_chr10_71396934_f_Mut_1",26.3391104743611,0
"5P_1_7_chr10_71964536_71964537_NM_004273.4(CHST3):c.-265C|G_NM_004273.4_utr5_0_0_chr10_71964362_f_Mut_1",166.740232402212,0
"5P_1_7_chr10_71964536_71964537_NM_004273.4(CHST3):c.-265C|G_NM_004273.4_utr5_0_0_chr10_71964362_f_Ref_1",59.7985307823288,0
"5P_1_7_chr10_71964670_71964671_NM_004273.4(CHST3):c.-131G|A_NM_004273.4_utr5_0_0_chr10_71964362_f_Mut_1",105.606725784002,0
"5P_1_7_chr10_72005791_72005792_NM_004273.4(CHST3):c.-51G|A_NM_004273.4_utr5_1_0_chr10_72005736_f_Ref_1",189.711271744819,0
"5P_1_7_chr10_73911617_73911618_NM_002658.4(PLAU):c.57+6T|C_NM_001145031.2_utr5_1_0_chr10_73911525_f_Mut_1",18.9956770279741,0
"5P_1_7_chr10_73911617_73911618_NM_002658.4(PLAU):c.57+6T|C_NM_001145031.2_utr5_1_0_chr10_73911525_f_Ref_1",14.6695734918143,0
"5P_1_7_chr10_74176612_74176613_NM_001123.3(ADK):c.-260A|T_NM_001202449.1_utr5_0_0_chr10_74176489_f_Mut_1",55.8700168793339,0
"5P_1_7_chr10_74176612_74176613_NM_001123.3(ADK):c.-260A|T_NM_001202449.1_utr5_0_0_chr10_74176489_f_Ref_1",142.831914385726,0
"5P_1_7_chr10_74176680_74176681_NM_001123.3(ADK):c.-192G|C_NM_001202449.1_utr5_0_0_chr10_74176489_f_Mut_1",57.3246287090439,0
"5P_1_7_chr10_74176754_74176755_NM_001123.3(ADK):c.-118G|T_NM_001202449.1_utr5_0_0_chr10_74176489_f_Mut_1",101.458445987361,0
"5P_1_7_chr10_74176754_74176755_NM_001123.3(ADK):c.-118G|T_NM_001202449.1_utr5_0_0_chr10_74176489_f_Ref_1",85.1170865108776,0
"5P_1_7_chr10_74176797_74176798_NM_001123.3(ADK):c.-75T|C_NM_001202449.1_utr5_0_0_chr10_74176489_f_Mut_1",23.5629501726273,0
"5P_1_7_chr10_74176797_74176798_NM_001123.3(ADK):c.-75T|C_NM_001202449.1_utr5_0_0_chr10_74176489_f_Ref_1",13.6121203763782,0
"5P_1_7_chr10_74826689_74826695_NM_012330.3(KAT6B):c.-424_-419dupTGGCGG_NM_001256469.1_utr5_0_0_chr10_74826413_f_Ref_1",35.2111103982933,0
"5P_1_7_chr10_74842612_74842613_NM_012330.3(KAT6B):c.-245A|C_NM_001256469.1_utr5_2_0_chr10_74842600_f_Mut_1",52.3367946463148,1
"5P_1_7_chr10_74842612_74842613_NM_012330.3(KAT6B):c.-245A|C_NM_001256469.1_utr5_2_0_chr10_74842600_f_Ref_1",85.0613101984276,1
"5P_1_7_chr10_78033759_78033760_NM_033022.3(RPS24):c.-142A|G_NM_001026.4_utr5_0_0_chr10_78033760_f_Mut_1",93.0025882054622,0
"5P_1_7_chr10_8054757_8054759_NM_001002295.1(GATA3):c.-503_-502dupAA_NM_002051.2_utr5_0_0_chr10_8054704_f_Mut_1",18.6835655588711,0
"5P_1_7_chr10_8054757_8054759_NM_001002295.1(GATA3):c.-503_-502dupAA_NM_002051.2_utr5_0_0_chr10_8054704_f_Ref_1",35.6781270376732,0
"5P_1_7_chr10_8054847_8054848_NM_001002295.1(GATA3):c.-413C|T_NM_002051.2_utr5_0_0_chr10_8054704_f_Ref_1",29.2213101778082,0
"5P_1_7_chr10_8055368_8055369_NM_001002295.1(GATA3):c.-287G|A_NM_002051.2_utr5_1_0_chr10_8055287_f_Ref_1",63.2564663527905,1
"5P_1_7_chr10_8055507_8055508_NM_001002295.1(GATA3):c.-148A|G_NM_002051.2_utr5_1_0_chr10_8055287_f_Mut_1",16.5820886602864,1
"5P_1_7_chr10_8055507_8055508_NM_001002295.1(GATA3):c.-148A|G_NM_002051.2_utr5_1_0_chr10_8055287_f_Ref_1",45.9006401198335,1
"5P_1_7_chr10_84194696_84194697_NM_033100.3(CDHR1):c.-64G|A_NM_033100.3_utr5_0_0_chr10_84194635_f_Mut_1",27.0261354939786,0
"5P_1_7_chr10_86668610_86668611_NM_001080116.1(LDB3):c.-81G|A_NM_001080116.1_utr5_0_0_chr10_86668564_f_Mut_1",25.5987567726044,0
"5P_1_7_chr10_86668676_86668677_NM_007078.2(LDB3):c.-15G|A_NM_001080116.1_utr5_0_0_chr10_86668564_f_Mut_1",58.6542289512619,0
"5P_1_7_chr10_86756713_86756714_NM_004329.2(BMPR1A):c.-473G|A_NM_004329.2_utr5_0_0_chr10_86756639_f_Mut_1",92.9371009750045,0
"5P_1_7_chr10_86756713_86756714_NM_004329.2(BMPR1A):c.-473G|A_NM_004329.2_utr5_0_0_chr10_86756639_f_Ref_1",34.4441231815845,0
"5P_1_7_chr10_86875878_86875879_NM_004329.2(BMPR1A):c.-140A|G_NM_004329.2_utr5_2_0_chr10_86875867_f_Mut_1",84.8204492160772,1
"5P_1_7_chr10_86875878_86875879_NM_004329.2(BMPR1A):c.-140A|G_NM_004329.2_utr5_2_0_chr10_86875867_f_Ref_2",26.8727508630221,1
"5P_1_7_chr10_86875998_86875999_NM_004329.2(BMPR1A):c.-20G|A_NM_004329.2_utr5_2_0_chr10_86875867_f_Mut_1",15.6558035869908,1
"5P_1_7_chr10_86875998_86875999_NM_004329.2(BMPR1A):c.-20G|A_NM_004329.2_utr5_2_0_chr10_86875867_f_Ref_1",51.4265960159533,1
"5P_1_7_chr10_87863163_87863164_NM_000314.6(PTEN):c.-1305T|A_ENST00000371953.7_utr5_0_0_chr10_87863113_f_Mut_1",183.731628346161,0
"5P_1_7_chr10_87863178_87863179_NM_000314.6(PTEN):c.-1290C|T_ENST00000371953.7_utr5_0_0_chr10_87863113_f_Mut_1",17.3632262457425,0
"5P_1_7_chr10_87863178_87863179_NM_000314.6(PTEN):c.-1290C|T_ENST00000371953.7_utr5_0_0_chr10_87863113_f_Ref_1",41.1690736506375,0
"5P_1_7_chr10_87863181_87863182_NM_000314.6(PTEN):c.-1287C|G_ENST00000371953.7_utr5_0_0_chr10_87863113_f_Mut_1",38.4406211442513,0
"5P_1_7_chr10_87863181_87863182_NM_000314.6(PTEN):c.-1287C|G_ENST00000371953.7_utr5_0_0_chr10_87863113_f_Ref_1",149.423299473994,0
"5P_1_7_chr10_87863212_87863213_NM_000314.6(PTEN):c.-1256G|A_ENST00000371953.7_utr5_0_0_chr10_87863113_f_Mut_1",154.447941014292,0
"5P_1_7_chr10_87863212_87863213_NM_000314.6(PTEN):c.-1256G|A_ENST00000371953.7_utr5_0_0_chr10_87863113_f_Ref_1",44.0815183166826,0
"5P_1_7_chr10_87863221_87863222_NM_000314.6(PTEN):c.-1247dupT_ENST00000371953.7_utr5_0_0_chr10_87863113_f_Mut_1",74.5101606690549,0
"5P_1_7_chr10_87863221_87863222_NM_000314.6(PTEN):c.-1247dupT_ENST00000371953.7_utr5_0_0_chr10_87863113_f_Ref_1",75.3319769169807,0
"5P_1_7_chr10_87863225_87863226_NM_000314.6(PTEN):c.-1243G|A_ENST00000371953.7_utr5_0_0_chr10_87863113_f_Mut_1",30.6833420591753,0
"5P_1_7_chr10_87863225_87863226_NM_000314.6(PTEN):c.-1243G|A_ENST00000371953.7_utr5_0_0_chr10_87863113_f_Ref_1",60.0649795364479,0
"5P_1_7_chr10_87863226_87863227_NM_000314.4(PTEN):c.-1242G|A_ENST00000371953.7_utr5_0_0_chr10_87863113_f_Mut_1",41.7180279077758,0
"5P_1_7_chr10_87863226_87863227_NM_000314.4(PTEN):c.-1242G|A_ENST00000371953.7_utr5_0_0_chr10_87863113_f_Ref_1",29.1916616074324,0
"5P_1_7_chr10_87863234_87863235_NM_000314.6(PTEN):c.-1234C|G_ENST00000371953.7_utr5_0_0_chr10_87863113_f_Ref_2",38.5134278784228,0
"5P_1_7_chr10_87863252_87863253_NM_000314.6(PTEN):c.-1216C|T_ENST00000371953.7_utr5_0_0_chr10_87863113_f_Mut_1",56.0133308049224,0
"5P_1_7_chr10_87863252_87863253_NM_000314.6(PTEN):c.-1216C|T_ENST00000371953.7_utr5_0_0_chr10_87863113_f_Ref_1",75.1254068576368,0
"5P_1_7_chr10_87863254_87863255_NM_000314.6(PTEN):c.-1214T|G_ENST00000371953.7_utr5_0_0_chr10_87863113_f_Mut_1",40.2917511870201,0
"5P_1_7_chr10_87863258_87863259_NM_000314.6(PTEN):c.-1210C|T_ENST00000371953.7_utr5_0_0_chr10_87863113_f_Mut_1",65.5557793004245,0
"5P_1_7_chr10_87863260_87863261_NM_000314.6(PTEN):c.-1208C|T_ENST00000371953.7_utr5_0_0_chr10_87863113_f_Mut_1",218.728665628577,0
"5P_1_7_chr10_87863260_87863261_NM_000314.6(PTEN):c.-1208C|T_ENST00000371953.7_utr5_0_0_chr10_87863113_f_Ref_1",78.9939868936146,0
"5P_1_7_chr10_87863261_87863262_NM_000314.6(PTEN):c.-1207G|C_ENST00000371953.7_utr5_0_0_chr10_87863113_f_Mut_1",63.1893424947859,0
"5P_1_7_chr10_87863261_87863262_NM_000314.6(PTEN):c.-1207G|C_ENST00000371953.7_utr5_0_0_chr10_87863113_f_Ref_1",31.8729209555778,0
"5P_1_7_chr10_87863266_87863267_NM_000314.6(PTEN):c.-1202G|A_ENST00000371953.7_utr5_0_0_chr10_87863113_f_Mut_1",29.3366873964265,0
"5P_1_7_chr10_87863266_87863267_NM_000314.6(PTEN):c.-1202G|A_ENST00000371953.7_utr5_0_0_chr10_87863113_f_Ref_1",57.7051286126596,0
"5P_1_7_chr10_87863278_87863279_NM_000314.6(PTEN):c.-1190G|A_ENST00000371953.7_utr5_0_0_chr10_87863113_f_Mut_1",36.0570900998337,0
"5P_1_7_chr10_87863278_87863279_NM_000314.6(PTEN):c.-1190G|A_ENST00000371953.7_utr5_0_0_chr10_87863113_f_Ref_1",21.6343657685425,0
"5P_1_7_chr10_87863281_87863284_NM_000314.6(PTEN):c.-1187_-1185delGCA_ENST00000371953.7_utr5_0_0_chr10_87863113_f_Mut_1",53.4330369673679,0
"5P_1_7_chr10_87863281_87863284_NM_000314.6(PTEN):c.-1187_-1185delGCA_ENST00000371953.7_utr5_0_0_chr10_87863113_f_Ref_1",25.5474655294115,0
"5P_1_7_chr10_87863289_87863290_NM_000314.6(PTEN):c.-1179A|T_ENST00000371953.7_utr5_0_0_chr10_87863113_f_Mut_1",14.3282959816672,0
"5P_1_7_chr10_87863292_87863293_NM_000314.6(PTEN):c.-1176T|G_ENST00000371953.7_utr5_0_0_chr10_87863113_f_Mut_1",30.0990150463738,0
"5P_1_7_chr10_87863292_87863293_NM_000314.6(PTEN):c.-1176T|G_ENST00000371953.7_utr5_0_0_chr10_87863113_f_Ref_1",30.107977527718,0
"5P_1_7_chr10_87863296_87863297_NM_000314.6(PTEN):c.-1172G|C_ENST00000371953.7_utr5_0_0_chr10_87863113_f_Mut_1",177.863562615182,0
"5P_1_7_chr10_87863298_87863299_NM_000314.6(PTEN):c.-1170C|A_ENST00000371953.7_utr5_0_0_chr10_87863113_f_Mut_1",31.9698842873821,0
"5P_1_7_chr10_87863298_87863299_NM_000314.6(PTEN):c.-1170C|A_ENST00000371953.7_utr5_0_0_chr10_87863113_f_Ref_2",31.2967138546807,0
"5P_1_7_chr10_87863298_87863299_NM_000314.6(PTEN):c.-1170C|T_ENST00000371953.7_utr5_0_0_chr10_87863113_f_Mut_1",33.1763330023622,0
"5P_1_7_chr10_87863314_87863315_NM_000314.6(PTEN):c.-1154G|A_ENST00000371953.7_utr5_0_0_chr10_87863113_f_Mut_1",53.885013454932,0
"5P_1_7_chr10_87863314_87863315_NM_000314.6(PTEN):c.-1154G|A_ENST00000371953.7_utr5_0_0_chr10_87863113_f_Ref_1",50.8688621051129,0
"5P_1_7_chr10_87863323_87863324_NM_000314.6(PTEN):c.-1145A|C_ENST00000371953.7_utr5_0_0_chr10_87863113_f_Ref_1",31.0210491048175,0
"5P_1_7_chr10_87863324_87863325_NM_000314.6(PTEN):c.-1144A|C_ENST00000371953.7_utr5_0_0_chr10_87863113_f_Ref_1",96.9537596735679,0
"5P_1_7_chr10_87863326_87863327_NM_000314.6(PTEN):c.-1142C|A_ENST00000371953.7_utr5_0_0_chr10_87863113_f_Mut_1",36.5320310187719,0
"5P_1_7_chr10_87863328_87863330_NM_000314.6(PTEN):c.-1140_-1139delCC_ENST00000371953.7_utr5_0_0_chr10_87863113_f_Mut_1",61.3652527023179,0
"5P_1_7_chr10_87863328_87863330_NM_000314.6(PTEN):c.-1140_-1139delCC_ENST00000371953.7_utr5_0_0_chr10_87863113_f_Ref_1",26.8058835289505,0
"5P_1_7_chr10_87863331_87863332_NM_000314.6(PTEN):c.-1137G|A_ENST00000371953.7_utr5_0_0_chr10_87863113_f_Mut_1",122.479813404052,0
"5P_1_7_chr10_87863331_87863332_NM_000314.6(PTEN):c.-1137G|A_ENST00000371953.7_utr5_0_0_chr10_87863113_f_Ref_1",38.8612229291867,0
"5P_1_7_chr10_87863334_87863334_NM_000314.6(PTEN):c.-1135_-1134insT_ENST00000371953.7_utr5_0_0_chr10_87863113_f_Mut_1",75.8671581892473,0
"5P_1_7_chr10_87863334_87863334_NM_000314.6(PTEN):c.-1135_-1134insT_ENST00000371953.7_utr5_0_0_chr10_87863113_f_Ref_1",28.8680177507705,0
"5P_1_7_chr10_87863335_87863336_NM_000314.6(PTEN):c.-1133G|A_ENST00000371953.7_utr5_0_0_chr10_87863113_f_Ref_1",17.980643238242,0
"5P_1_7_chr10_87863347_87863348_NM_000314.6(PTEN):c.-1121A|T_ENST00000371953.7_utr5_0_0_chr10_87863113_f_Mut_1",72.1189841415608,0
"5P_1_7_chr10_87863347_87863348_NM_000314.6(PTEN):c.-1121A|T_ENST00000371953.7_utr5_0_0_chr10_87863113_f_Ref_1",23.1383249799071,0
"5P_1_7_chr10_87863370_87863371_NM_000314.6(PTEN):c.-1098G|A_ENST00000371953.7_utr5_0_0_chr10_87863113_f_Mut_1",33.458478517881,0
"5P_1_7_chr10_87863370_87863371_NM_000314.6(PTEN):c.-1098G|A_ENST00000371953.7_utr5_0_0_chr10_87863113_f_Ref_1",15.1706126963199,0
"5P_1_7_chr10_87863372_87863373_NM_000314.6(PTEN):c.-1096G|A_ENST00000371953.7_utr5_0_0_chr10_87863113_f_Ref_1",31.2870726395417,0
"5P_1_7_chr10_87863373_87863374_NM_000314.6(PTEN):c.-1095G|T_ENST00000371953.7_utr5_0_0_chr10_87863113_f_Mut_1",217.781952538319,0
"5P_1_7_chr10_87863373_87863374_NM_000314.6(PTEN):c.-1095G|T_ENST00000371953.7_utr5_0_0_chr10_87863113_f_Ref_1",162.948186926032,0
"5P_1_7_chr10_87863385_87863386_NM_000314.6(PTEN):c.-1083G|C_ENST00000371953.7_utr5_0_0_chr10_87863113_f_Mut_1",131.181428201556,0
"5P_1_7_chr10_87863385_87863386_NM_000314.6(PTEN):c.-1083G|C_ENST00000371953.7_utr5_0_0_chr10_87863113_f_Ref_1",92.2785936772099,0
"5P_1_7_chr10_87863388_87863389_NM_000314.6(PTEN):c.-1080C|T_ENST00000371953.7_utr5_0_0_chr10_87863113_f_Mut_1",78.2608867574383,0
"5P_1_7_chr10_87863388_87863389_NM_000314.6(PTEN):c.-1080C|T_ENST00000371953.7_utr5_0_0_chr10_87863113_f_Ref_1",18.0494684848951,0
"5P_1_7_chr10_87863389_87863390_NM_000314.6(PTEN):c.-1079C|G_ENST00000371953.7_utr5_0_0_chr10_87863113_f_Mut_1",15.4041532482583,0
"5P_1_7_chr10_87863389_87863390_NM_000314.6(PTEN):c.-1079C|G_ENST00000371953.7_utr5_0_0_chr10_87863113_f_Ref_2",87.0896057995293,0
"5P_1_7_chr10_87863389_87863390_NM_000314.6(PTEN):c.-1079C|T_ENST00000371953.7_utr5_0_0_chr10_87863113_f_Mut_1",27.4093973350746,0
"5P_1_7_chr10_87863392_87863393_NM_000314.6(PTEN):c.-1076G|C_ENST00000371953.7_utr5_0_0_chr10_87863113_f_Mut_1",34.6210936723376,0
"5P_1_7_chr10_87863392_87863393_NM_000314.6(PTEN):c.-1076G|C_ENST00000371953.7_utr5_0_0_chr10_87863113_f_Ref_1",25.176507403274,0
"5P_1_7_chr10_87863406_87863407_NM_000314.6(PTEN):c.-1062C|T_ENST00000371953.7_utr5_0_0_chr10_87863113_f_Mut_1",54.5864476017759,0
"5P_1_7_chr10_87863406_87863407_NM_000314.6(PTEN):c.-1062C|T_ENST00000371953.7_utr5_0_0_chr10_87863113_f_Ref_1",28.0651256611414,0
"5P_1_7_chr10_87863407_87863408_NM_000314.6(PTEN):c.-1061C|T_ENST00000371953.7_utr5_0_0_chr10_87863113_f_Mut_1",27.8578934734488,0
"5P_1_7_chr10_87863407_87863408_NM_000314.6(PTEN):c.-1061C|T_ENST00000371953.7_utr5_0_0_chr10_87863113_f_Ref_1",45.0878162296146,0
"5P_1_7_chr10_87863412_87863413_NM_000314.6(PTEN):c.-1056C|T_ENST00000371953.7_utr5_0_0_chr10_87863113_f_Mut_1",114.574978360939,0
"5P_1_7_chr10_87863412_87863413_NM_000314.6(PTEN):c.-1056C|T_ENST00000371953.7_utr5_0_0_chr10_87863113_f_Ref_1",57.4092654503834,0
"5P_1_7_chr10_87863421_87863422_NM_000314.6(PTEN):c.-1047C|A_ENST00000371953.7_utr5_0_0_chr10_87863113_f_Mut_1",18.8774491530296,0
"5P_1_7_chr10_87863427_87863428_NM_000314.6(PTEN):c.-1041C|G_ENST00000371953.7_utr5_0_0_chr10_87863113_f_Mut_1",30.0393026922818,0
"5P_1_7_chr10_87863427_87863428_NM_000314.6(PTEN):c.-1041C|G_ENST00000371953.7_utr5_0_0_chr10_87863113_f_Ref_1",49.2207872096869,0
"5P_1_7_chr10_87863440_87863441_NM_000314.6(PTEN):c.-1028C|G_NM_001304718.1_utr5_0_0_chr10_87863438_f_Mut_1",65.748075472272,0
"5P_1_7_chr10_87863455_87863456_NM_000314.6(PTEN):c.-1013G|T_NM_001304718.1_utr5_0_0_chr10_87863438_f_Mut_1",18.8568784920801,0
"5P_1_7_chr10_87863522_87863523_NM_000314.6(PTEN):c.-946C|T_NM_001304718.1_utr5_0_0_chr10_87863438_f_Mut_1",24.8454178021176,0
"5P_1_7_chr10_87863522_87863523_NM_000314.6(PTEN):c.-946C|T_NM_001304718.1_utr5_0_0_chr10_87863438_f_Ref_1",65.1677896597458,0
"5P_1_7_chr10_87863523_87863524_NM_000314.6(PTEN):c.-945G|A_NM_001304718.1_utr5_0_0_chr10_87863438_f_Mut_1",55.4156980941656,0
"5P_1_7_chr10_87863523_87863524_NM_000314.6(PTEN):c.-945G|A_NM_001304718.1_utr5_0_0_chr10_87863438_f_Ref_1",42.2925705204933,0
"5P_1_7_chr10_87863525_87863526_NM_000314.6(PTEN):c.-943C|T_NM_001304718.1_utr5_0_0_chr10_87863438_f_Mut_1",269.00301473249,0
"5P_1_7_chr10_87863525_87863526_NM_000314.6(PTEN):c.-943C|T_NM_001304718.1_utr5_0_0_chr10_87863438_f_Ref_1",75.7155208591061,0
"5P_1_7_chr10_87863526_87863527_NM_000314.6(PTEN):c.-942G|A_NM_001304718.1_utr5_0_0_chr10_87863438_f_Mut_1",246.913559102863,0
"5P_1_7_chr10_87863526_87863527_NM_000314.6(PTEN):c.-942G|A_NM_001304718.1_utr5_0_0_chr10_87863438_f_Ref_1",26.0400949119237,0
"5P_1_7_chr10_87863535_87863536_NM_000314.6(PTEN):c.-933G|A_NM_001304718.1_utr5_0_0_chr10_87863438_f_Ref_1",98.0573866605107,0
"5P_1_7_chr10_87863538_87863539_NM_000314.6(PTEN):c.-930G|A_NM_001304718.1_utr5_0_0_chr10_87863438_f_Mut_1",48.0571753753535,0
"5P_1_7_chr10_87863545_87863546_NM_000314.6(PTEN):c.-923C|T_NM_001304718.1_utr5_0_0_chr10_87863438_f_Ref_1",34.9622777450362,0
"5P_1_7_chr10_87863547_87863548_NM_000314.6(PTEN):c.-921G|A_NM_001304718.1_utr5_0_0_chr10_87863438_f_Mut_1",29.139447517115,0
"5P_1_7_chr10_87863547_87863548_NM_000314.6(PTEN):c.-921G|A_NM_001304718.1_utr5_0_0_chr10_87863438_f_Ref_2",104.303509861893,0
"5P_1_7_chr10_87863547_87863548_NM_000314.6(PTEN):c.-921G|C_NM_001304718.1_utr5_0_0_chr10_87863438_f_Mut_1",31.729561204044,0
"5P_1_7_chr10_87863548_87863549_NM_000314.6(PTEN):c.-920G|A_NM_001304718.1_utr5_0_0_chr10_87863438_f_Mut_1",37.017146668172,0
"5P_1_7_chr10_87863548_87863549_NM_000314.6(PTEN):c.-920G|A_NM_001304718.1_utr5_0_0_chr10_87863438_f_Ref_1",26.9249443231932,0
"5P_1_7_chr10_87863550_87863551_NM_000314.6(PTEN):c.-918G|A_NM_001304718.1_utr5_0_0_chr10_87863438_f_Mut_1",57.8519894287088,0
"5P_1_7_chr10_87863550_87863551_NM_000314.6(PTEN):c.-918G|A_NM_001304718.1_utr5_0_0_chr10_87863438_f_Ref_1",21.9542005618854,0
"5P_1_7_chr10_87863562_87863563_NM_000314.6(PTEN):c.-906G|A_NM_001304718.1_utr5_0_0_chr10_87863438_f_Ref_1",86.8262097274539,0
"5P_1_7_chr10_87863564_87863565_NM_000314.6(PTEN):c.-904C|A_NM_001304718.1_utr5_0_0_chr10_87863438_f_Mut_1",74.0681298548974,0
"5P_1_7_chr10_87863564_87863565_NM_000314.6(PTEN):c.-904C|A_NM_001304718.1_utr5_0_0_chr10_87863438_f_Ref_1",65.0005057869152,0
"5P_1_7_chr10_87863565_87863566_NM_000314.6(PTEN):c.-903G|C_NM_001304718.1_utr5_0_0_chr10_87863438_f_Ref_1",79.1925383280294,0
"5P_1_7_chr10_87863571_87863572_NM_000314.6(PTEN):c.-897C|G_NM_001304718.1_utr5_0_0_chr10_87863438_f_Mut_1",33.2495604648227,0
"5P_1_7_chr10_87863576_87863577_NM_000314.6(PTEN):c.-892T|C_NM_001304718.1_utr5_0_0_chr10_87863438_f_Mut_1",42.3467154691241,0
"5P_1_7_chr10_87863576_87863577_NM_000314.6(PTEN):c.-892T|C_NM_001304718.1_utr5_0_0_chr10_87863438_f_Ref_1",16.7645915385103,0
"5P_1_7_chr10_87863581_87863582_NM_000314.6(PTEN):c.-887T|C_NM_001304718.1_utr5_0_0_chr10_87863438_f_Mut_1",78.4342467661645,0
"5P_1_7_chr10_87863581_87863582_NM_000314.6(PTEN):c.-887T|C_NM_001304718.1_utr5_0_0_chr10_87863438_f_Ref_1",134.533033556343,0
"5P_1_7_chr10_87863599_87863600_NM_000314.6(PTEN):c.-869C|T_NM_001304718.1_utr5_0_0_chr10_87863438_f_Mut_1",33.1404339477486,0
"5P_1_7_chr10_87863599_87863600_NM_000314.6(PTEN):c.-869C|T_NM_001304718.1_utr5_0_0_chr10_87863438_f_Ref_1",65.3790360230239,0
"5P_1_7_chr10_87863600_87863601_NM_000314.6(PTEN):c.-868G|C_NM_001304718.1_utr5_0_0_chr10_87863438_f_Ref_2",41.419650506763,0
"5P_1_7_chr10_87863600_87863601_NM_000314.6(PTEN):c.-868G|T_NM_001304718.1_utr5_0_0_chr10_87863438_f_Mut_1",192.713064015419,0
"5P_1_7_chr10_87863606_87863607_NM_000314.6(PTEN):c.-862G|A_NM_001304718.1_utr5_0_0_chr10_87863438_f_Mut_1",133.350910594927,1
"5P_1_7_chr10_87863606_87863607_NM_000314.6(PTEN):c.-862G|A_NM_001304718.1_utr5_0_0_chr10_87863438_f_Ref_2",45.7978454509819,1
"5P_1_7_chr10_87863606_87863607_NM_000314.6(PTEN):c.-862G|T_NM_001304718.1_utr5_0_0_chr10_87863438_f_Mut_1",141.007973933785,1
"5P_1_7_chr10_87863607_87863608_NM_000314.6(PTEN):c.-861G|C_NM_001304718.1_utr5_0_0_chr10_87863438_f_Mut_1",93.9205315243204,1
"5P_1_7_chr10_87863609_87863610_NM_000314.6(PTEN):c.-859A|C_NM_001304718.1_utr5_0_0_chr10_87863438_f_Mut_1",99.2943274254161,1
"5P_1_7_chr10_87863612_87863613_NM_000314.6(PTEN):c.-856C|G_NM_001304718.1_utr5_0_0_chr10_87863438_f_Mut_1",150.155038839352,1
"5P_1_7_chr10_87863612_87863613_NM_000314.6(PTEN):c.-856C|G_NM_001304718.1_utr5_0_0_chr10_87863438_f_Ref_1",54.2525264619039,1
"5P_1_7_chr10_87863617_87863618_NM_000314.6(PTEN):c.-851G|A_NM_001304718.1_utr5_0_0_chr10_87863438_f_Mut_1",41.7382763174233,1
"5P_1_7_chr10_87863617_87863618_NM_000314.6(PTEN):c.-851G|A_NM_001304718.1_utr5_0_0_chr10_87863438_f_Ref_1",84.4378690638683,1
"5P_1_7_chr10_87863618_87863619_NM_000314.6(PTEN):c.-850C|T_NM_001304718.1_utr5_0_0_chr10_87863438_f_Ref_1",130.648587592719,1
"5P_1_7_chr10_87863622_87863623_NM_000314.6(PTEN):c.-846C|T_NM_001304718.1_utr5_0_0_chr10_87863438_f_Mut_1",19.2364166888607,1
"5P_1_7_chr10_87863622_87863623_NM_000314.6(PTEN):c.-846C|T_NM_001304718.1_utr5_0_0_chr10_87863438_f_Ref_1",44.5060334833553,1
"5P_1_7_chr10_87863623_87863624_NM_000314.6(PTEN):c.-845A|C_NM_001304718.1_utr5_0_0_chr10_87863438_f_Mut_1",54.2051853148767,1
"5P_1_7_chr10_87863623_87863624_NM_000314.6(PTEN):c.-845A|C_NM_001304718.1_utr5_0_0_chr10_87863438_f_Ref_1",137.366836884025,1
"5P_1_7_chr10_87863625_87863626_NM_000314.6(PTEN):c.-843T|C_NM_001304718.1_utr5_0_0_chr10_87863438_f_Mut_1",68.1563530563028,1
"5P_1_7_chr10_87863625_87863626_NM_000314.6(PTEN):c.-843T|C_NM_001304718.1_utr5_0_0_chr10_87863438_f_Ref_1",39.0175820866108,1
"5P_1_7_chr10_87863629_87863630_NM_000314.6(PTEN):c.-839C|G_NM_001304718.1_utr5_0_0_chr10_87863438_f_Ref_1",42.7232480668615,1
"5P_1_7_chr10_87863631_87863632_NM_000314.6(PTEN):c.-837C|T_NM_001304718.1_utr5_0_0_chr10_87863438_f_Mut_1",313.517666338402,1
"5P_1_7_chr10_87863631_87863632_NM_000314.6(PTEN):c.-837C|T_NM_001304718.1_utr5_0_0_chr10_87863438_f_Ref_1",44.5003788207158,1
"5P_1_7_chr10_87863632_87863633_NM_000314.6(PTEN):c.-836C|T_NM_001304718.1_utr5_0_0_chr10_87863438_f_Mut_1",33.8153765440259,1
"5P_1_7_chr10_87863632_87863633_NM_000314.6(PTEN):c.-836C|T_NM_001304718.1_utr5_0_0_chr10_87863438_f_Ref_1",106.303901323945,1
"5P_1_7_chr10_87863633_87863634_NM_000314.6(PTEN):c.-835T|G_NM_001304718.1_utr5_0_0_chr10_87863438_f_Mut_1",191.609379785367,1
"5P_1_7_chr10_87863633_87863634_NM_000314.6(PTEN):c.-835T|G_NM_001304718.1_utr5_0_0_chr10_87863438_f_Ref_1",130.103479844918,1
"5P_1_7_chr10_87863637_87863638_NM_000314.6(PTEN):c.-831G|A_NM_001304718.1_utr5_0_0_chr10_87863438_f_Mut_1",112.634191613769,1
"5P_1_7_chr10_87863637_87863638_NM_000314.6(PTEN):c.-831G|A_NM_001304718.1_utr5_0_0_chr10_87863438_f_Ref_1",153.291205913224,1
"5P_1_7_chr10_87863647_87863648_NM_000314.6(PTEN):c.-821G|C_NM_001304718.1_utr5_0_0_chr10_87863438_f_Ref_2",204.856362531843,1
"5P_1_7_chr10_87863648_87863649_NM_000314.6(PTEN):c.-820C|A_NM_001304718.1_utr5_0_0_chr10_87863438_f_Mut_1",66.5237489922782,1
"5P_1_7_chr10_87863648_87863649_NM_000314.6(PTEN):c.-820C|A_NM_001304718.1_utr5_0_0_chr10_87863438_f_Ref_1",22.3440096302083,1
"5P_1_7_chr10_87863655_87863656_NM_000314.6(PTEN):c.-813G|A_NM_001304718.1_utr5_0_0_chr10_87863438_f_Mut_1",41.9393720214198,1
"5P_1_7_chr10_87863655_87863656_NM_000314.6(PTEN):c.-813G|A_NM_001304718.1_utr5_0_0_chr10_87863438_f_Ref_1",25.3606664617406,1
"5P_1_7_chr10_87863667_87863668_NM_000314.6(PTEN):c.-801G|A_NM_001304718.1_utr5_0_0_chr10_87863438_f_Mut_1",42.4059211437197,1
"5P_1_7_chr10_87863671_87863672_NM_000314.6(PTEN):c.-797A|G_NM_001304718.1_utr5_0_0_chr10_87863438_f_Mut_1",41.6177351343992,1
"5P_1_7_chr10_87863671_87863672_NM_000314.6(PTEN):c.-797A|G_NM_001304718.1_utr5_0_0_chr10_87863438_f_Ref_1",21.7920120450664,1
"5P_1_7_chr10_87863672_87863673_NM_000314.6(PTEN):c.-796G|T_NM_001304718.1_utr5_0_0_chr10_87863438_f_Mut_1",38.5790949640922,1
"5P_1_7_chr10_87863672_87863673_NM_000314.6(PTEN):c.-796G|T_NM_001304718.1_utr5_0_0_chr10_87863438_f_Ref_1",30.9572336178264,1
"5P_1_7_chr10_87863674_87863675_NM_000314.6(PTEN):c.-794C|G_NM_001304718.1_utr5_0_0_chr10_87863438_f_Mut_1",50.4399383124937,1
"5P_1_7_chr10_87863674_87863675_NM_000314.6(PTEN):c.-794C|G_NM_001304718.1_utr5_0_0_chr10_87863438_f_Ref_1",29.5007279216594,1
"5P_1_7_chr10_87863678_87863679_NM_000314.6(PTEN):c.-790G|A_NM_001304718.1_utr5_0_0_chr10_87863438_f_Mut_1",24.169004345093,1
"5P_1_7_chr10_87863678_87863679_NM_000314.6(PTEN):c.-790G|A_NM_001304718.1_utr5_0_0_chr10_87863438_f_Ref_1",15.8585742893421,1
"5P_1_7_chr10_87863692_87863693_NM_000314.6(PTEN):c.-776G|C_NM_001304718.1_utr5_0_0_chr10_87863438_f_Mut_1",73.1586723308099,1
"5P_1_7_chr10_87863692_87863693_NM_000314.6(PTEN):c.-776G|C_NM_001304718.1_utr5_0_0_chr10_87863438_f_Ref_1",15.9962987507407,1
"5P_1_7_chr10_87863697_87863698_NM_000314.6(PTEN):c.-771A|C_NM_001304718.1_utr5_0_0_chr10_87863438_f_Mut_1",36.5128485920725,1
"5P_1_7_chr10_87863697_87863698_NM_000314.6(PTEN):c.-771A|C_NM_001304718.1_utr5_0_0_chr10_87863438_f_Ref_1",21.1056193715777,1
"5P_1_7_chr10_87863698_87863699_NM_000314.6(PTEN):c.-770G|A_NM_001304718.1_utr5_0_0_chr10_87863438_f_Ref_1",17.5839521256092,1
"5P_1_7_chr10_87863701_87863702_NM_000314.6(PTEN):c.-767G|T_NM_001304718.1_utr5_0_0_chr10_87863438_f_Mut_1",18.524003926953,1
"5P_1_7_chr10_87863701_87863702_NM_000314.6(PTEN):c.-767G|T_NM_001304718.1_utr5_0_0_chr10_87863438_f_Ref_1",30.3818783724408,1
"5P_1_7_chr10_87863703_87863704_NM_000314.6(PTEN):c.-765G|A_NM_001304718.1_utr5_0_0_chr10_87863438_f_Mut_1",65.7171799406001,1
"5P_1_7_chr10_87863703_87863704_NM_000314.6(PTEN):c.-765G|A_NM_001304718.1_utr5_0_0_chr10_87863438_f_Ref_1",45.3176230248661,1
"5P_1_7_chr10_87863705_87863706_NM_000314.6(PTEN):c.-763G|A_NM_001304718.1_utr5_0_0_chr10_87863438_f_Mut_1",11.9296363860595,1
"5P_1_7_chr10_87863705_87863706_NM_000314.6(PTEN):c.-763G|A_NM_001304718.1_utr5_0_0_chr10_87863438_f_Ref_1",19.6279171763809,1
"5P_1_7_chr10_87863734_87863735_NM_000314.6(PTEN):c.-734G|A_NM_001304718.1_utr5_0_0_chr10_87863438_f_Mut_1",163.349535340973,0
"5P_1_7_chr10_87863734_87863735_NM_000314.6(PTEN):c.-734G|A_NM_001304718.1_utr5_0_0_chr10_87863438_f_Ref_2",107.580125835163,0
"5P_1_7_chr10_87863777_87863778_NM_000314.6(PTEN):c.-691C|T_NM_001304718.1_utr5_0_0_chr10_87863438_f_Mut_1",14.6950624896919,0
"5P_1_7_chr10_87863777_87863778_NM_000314.6(PTEN):c.-691C|T_NM_001304718.1_utr5_0_0_chr10_87863438_f_Ref_1",22.3775627997579,0
"5P_1_7_chr10_87863783_87863784_NM_000314.6(PTEN):c.-685G|A_NM_001304718.1_utr5_0_0_chr10_87863438_f_Mut_1",114.932976198247,0
"5P_1_7_chr10_87863786_87863787_NM_000314.6(PTEN):c.-682C|G_NM_001304718.1_utr5_0_0_chr10_87863438_f_Mut_1",19.8581950629916,0
"5P_1_7_chr10_87863790_87863791_NM_000314.6(PTEN):c.-678C|T_NM_001304718.1_utr5_0_0_chr10_87863438_f_Ref_1",85.6949644060362,0
"5P_1_7_chr10_87863794_87863795_NM_000314.6(PTEN):c.-674C|A_NM_001304718.1_utr5_0_0_chr10_87863438_f_Mut_1",41.7369832065992,0
"5P_1_7_chr10_87863794_87863795_NM_000314.6(PTEN):c.-674C|A_NM_001304718.1_utr5_0_0_chr10_87863438_f_Ref_1",40.5540536845606,0
"5P_1_7_chr10_87863796_87863797_NM_000314.6(PTEN):c.-672T|C_NM_001304718.1_utr5_0_0_chr10_87863438_f_Mut_1",18.511236962509,0
"5P_1_7_chr10_87863801_87863802_NM_000314.6(PTEN):c.-667C|T_NM_001304718.1_utr5_0_0_chr10_87863438_f_Mut_1",41.8496948273107,0
"5P_1_7_chr10_87863961_87863962_NM_000314.6(PTEN):c.-507delG_NM_001304718.1_utr5_0_0_chr10_87863438_f_Mut_1",53.1682409759943,0
"5P_1_7_chr10_87864007_87864008_NM_000314.6(PTEN):c.-461G|A_NM_001304718.1_utr5_0_0_chr10_87863438_f_Ref_1",80.7339027268152,0
"5P_1_7_chr10_87864010_87864011_NM_000314.6(PTEN):c.-458G|T_NM_001304718.1_utr5_0_0_chr10_87863438_f_Mut_1",20.1862473531741,0
"5P_1_7_chr10_87864010_87864011_NM_000314.6(PTEN):c.-458G|T_NM_001304718.1_utr5_0_0_chr10_87863438_f_Ref_1",36.700976026424,0
"5P_1_7_chr10_87864223_87864224_NM_000314.6(PTEN):c.-246C|T_NM_001304718.1_utr5_0_0_chr10_87863438_f_Mut_1",69.0453216525738,0
"5P_1_7_chr10_87864223_87864224_NM_000314.6(PTEN):c.-246C|T_NM_001304718.1_utr5_0_0_chr10_87863438_f_Ref_1",21.9269482263843,0
"5P_1_7_chr10_87864279_87864280_NM_000314.6(PTEN):c.-190G|A_NM_001304718.1_utr5_0_0_chr10_87863438_f_Mut_1",26.4930870876689,0
"5P_1_7_chr10_87864348_87864349_NM_000314.6(PTEN):c.-121A|G_NM_001304718.1_utr5_0_0_chr10_87863438_f_Mut_1",33.9695727344924,0
"5P_1_7_chr10_87864358_87864359_NM_000314.6(PTEN):c.-111G|T_NM_001304718.1_utr5_0_0_chr10_87863438_f_Mut_1",20.9455938131782,0
"5P_1_7_chr10_87864434_87864438_NM_000314.6(PTEN):c.-35_-32delTCTC_NM_001304718.1_utr5_0_0_chr10_87863438_f_Ref_1",54.4907884641176,1
"5P_1_7_chr10_87864437_87864438_NM_000314.6(PTEN):c.-32C|T_NM_001304718.1_utr5_0_0_chr10_87863438_f_Mut_1",29.2600258246461,1
"5P_1_7_chr10_87864437_87864438_NM_000314.6(PTEN):c.-32C|T_NM_001304718.1_utr5_0_0_chr10_87863438_f_Ref_1",150.705840657676,1
"5P_1_7_chr10_87864440_87864443_NM_000314.6(PTEN):c.-29_-27delCCT_NM_001304718.1_utr5_0_0_chr10_87863438_f_Mut_1",80.1691862752115,1
"5P_1_7_chr10_87864440_87864443_NM_000314.6(PTEN):c.-29_-27delCCT_NM_001304718.1_utr5_0_0_chr10_87863438_f_Ref_1",216.192751020258,1
"5P_1_7_chr10_87864441_87864442_NM_000314.6(PTEN):c.-28C|T_NM_001304718.1_utr5_0_0_chr10_87863438_f_Mut_1",21.312936505142,1
"5P_1_7_chr10_87864441_87864442_NM_000314.6(PTEN):c.-28C|T_NM_001304718.1_utr5_0_0_chr10_87863438_f_Ref_1",30.2222588559037,1
"5P_1_7_chr10_87864443_87864444_NM_000314.6(PTEN):c.-26T|C_NM_001304718.1_utr5_0_0_chr10_87863438_f_Mut_1",31.1790198818466,0
"5P_1_7_chr10_87864443_87864444_NM_000314.6(PTEN):c.-26T|C_NM_001304718.1_utr5_0_0_chr10_87863438_f_Ref_1",30.0520471357634,1
"5P_1_7_chr10_87864444_87864445_NM_000314.6(PTEN):c.-25T|C_NM_001304718.1_utr5_0_0_chr10_87863438_f_Mut_1",37.7084507059248,0
"5P_1_7_chr10_87864444_87864445_NM_000314.6(PTEN):c.-25T|C_NM_001304718.1_utr5_0_0_chr10_87863438_f_Ref_1",108.918146748274,1
"5P_1_7_chr10_87864452_87864453_NM_000314.6(PTEN):c.-17G|T_NM_001304718.1_utr5_0_0_chr10_87863438_f_Mut_1",44.7683328171859,1
"5P_1_7_chr10_87864452_87864453_NM_000314.6(PTEN):c.-17G|T_NM_001304718.1_utr5_0_0_chr10_87863438_f_Ref_1",30.2618664681558,1
"5P_1_7_chr10_87864452_87864456_NM_000314.6(PTEN):c.-17_-14delGCCA_NM_001304718.1_utr5_0_0_chr10_87863438_f_Ref_1",24.4708546916097,1
"5P_1_7_chr10_87864453_87864454_NM_000314.6(PTEN):c.-16C|T_NM_001304718.1_utr5_0_0_chr10_87863438_f_Mut_1",48.8784487923434,1
"5P_1_7_chr10_87864453_87864454_NM_000314.6(PTEN):c.-16C|T_NM_001304718.1_utr5_0_0_chr10_87863438_f_Ref_1",23.5367247324398,1
"5P_1_7_chr10_87864454_87864455_NM_000314.6(PTEN):c.-15C|T_NM_001304718.1_utr5_0_0_chr10_87863438_f_Mut_1",52.6707483264043,1
"5P_1_7_chr10_87864455_87864456_NM_000314.6(PTEN):c.-14A|G_NM_001304718.1_utr5_0_0_chr10_87863438_f_Mut_1",82.8930622705583,1
"5P_1_7_chr10_87864455_87864456_NM_000314.6(PTEN):c.-14A|G_NM_001304718.1_utr5_0_0_chr10_87863438_f_Ref_1",20.0914752363404,1
"5P_1_7_chr10_87864462_87864463_NM_000314.6(PTEN):c.-7C|T_NM_001304718.1_utr5_0_0_chr10_87863438_f_Mut_1",28.0689203448855,1
"5P_1_7_chr10_87864462_87864463_NM_000314.6(PTEN):c.-7C|T_NM_001304718.1_utr5_0_0_chr10_87863438_f_Ref_1",16.3753446121498,1
"5P_1_7_chr10_87864468_87864469_NM_000314.6(PTEN):c.-1C|T_NM_001304718.1_utr5_0_0_chr10_87863438_f_Mut_1",17.6858491183835,1
"5P_1_7_chr10_88935100_88935101_NM_001613.2(ACTA2):c.*122T|C_NR_125373.1_utr5_2_0_chr10_88934898_f_Mut_1",19.106893899328,1
"5P_1_7_chr10_88935100_88935101_NM_001613.2(ACTA2):c.*122T|C_NR_125373.1_utr5_2_0_chr10_88934898_f_Ref_1",14.7584670088298,1
"5P_1_7_chr10_88935117_88935118_NM_001613.2(ACTA2):c.*105G|T_NR_125373.1_utr5_2_0_chr10_88934898_f_Mut_1",16.7191510961771,1
"5P_1_7_chr10_88935117_88935118_NM_001613.2(ACTA2):c.*105G|T_NR_125373.1_utr5_2_0_chr10_88934898_f_Ref_1",21.7317264541045,1
"5P_1_7_chr10_88935179_88935180_NM_001613.2(ACTA2):c.*43A|G_NR_125373.1_utr5_2_0_chr10_88934898_f_Ref_1",26.4956248951149,1
"5P_1_7_chr10_88935194_88935195_NM_001613.2(ACTA2):c.*28A|T_NR_125373.1_utr5_2_0_chr10_88934898_f_Mut_1",116.960094682023,1
"5P_1_7_chr10_88935194_88935195_NM_001613.2(ACTA2):c.*28A|T_NR_125373.1_utr5_2_0_chr10_88934898_f_Ref_1",72.5745969744575,1
"5P_1_7_chr10_88939492_88939493_NM_001613.2(ACTA2):c.808+14G|A_NR_125373.1_utr5_4_0_chr10_88939395_f_Mut_1",18.855303754867,1
"5P_1_7_chr10_89014533_89014534_NM_000043.5(FAS):c.*84G|A_NR_028034.3_utr5_5_0_chr10_89014119_f_Mut_1",17.7850113219449,1
"5P_1_7_chr10_89014533_89014534_NM_000043.5(FAS):c.*84G|A_NR_028034.3_utr5_5_0_chr10_89014119_f_Ref_1",27.7509868112994,1
"5P_1_7_chr10_89014537_89014538_NM_000043.5(FAS):c.*88T|C_NR_028034.3_utr5_5_0_chr10_89014119_f_Mut_1",17.0271156614562,1
"5P_1_7_chr10_89014537_89014538_NM_000043.5(FAS):c.*88T|C_NR_028034.3_utr5_5_0_chr10_89014119_f_Ref_1",24.9684406580998,1
"5P_1_7_chr10_89014623_89014624_NM_000043.5(FAS):c.*174A|G_NR_028034.3_utr5_5_0_chr10_89014119_f_Mut_1",30.8888861988905,1
"5P_1_7_chr10_89014623_89014624_NM_000043.5(FAS):c.*174A|G_NR_028034.3_utr5_5_0_chr10_89014119_f_Ref_1",17.7662971000212,1
"5P_1_7_chr10_89014969_89014970_NM_000043.5(FAS):c.*520T|C_NR_028034.3_utr5_5_0_chr10_89014119_f_Mut_1",10.585482813439,1
"5P_1_7_chr10_89014969_89014970_NM_000043.5(FAS):c.*520T|C_NR_028034.3_utr5_5_0_chr10_89014119_f_Ref_1",15.7722102173536,1
"5P_1_7_chr10_89015015_89015016_NM_000043.5(FAS):c.*566C|G_NR_028034.3_utr5_5_0_chr10_89014119_f_Ref_1",20.5804676291483,1
"5P_1_7_chr10_89015743_89015744_NM_000043.5(FAS):c.*1294A|T_NR_028034.3_utr5_5_0_chr10_89014119_f_Mut_1",20.5138345213791,1
"5P_1_7_chr10_89015743_89015744_NM_000043.5(FAS):c.*1294A|T_NR_028034.3_utr5_5_0_chr10_89014119_f_Ref_1",26.9184978669716,1
"5P_1_7_chr10_93612704_93612705_NM_006204.3(PDE6C):c.-21C|T_NM_006204.3_utr5_0_0_chr10_93612588_f_Mut_1",123.751611139135,1
"5P_1_7_chr10_93612704_93612705_NM_006204.3(PDE6C):c.-21C|T_NM_006204.3_utr5_0_0_chr10_93612588_f_Ref_1",19.0400075210957,1
"5P_1_7_chr10_93757840_93757841_NM_005097.3(LGI1):c.-304C|T_NM_001308276.1_utr5_0_0_chr10_93757809_f_Mut_1",57.0397758393118,1
"5P_1_7_chr10_93757840_93757841_NM_005097.3(LGI1):c.-304C|T_NM_001308276.1_utr5_0_0_chr10_93757809_f_Ref_1",111.197493131968,1
"5P_1_7_chr10_93757917_93757918_NM_005097.3(LGI1):c.-227T|C_NM_001308276.1_utr5_0_0_chr10_93757809_f_Mut_1",89.6779249808991,0
"5P_1_7_chr10_93757917_93757918_NM_005097.3(LGI1):c.-227T|C_NM_001308276.1_utr5_0_0_chr10_93757809_f_Ref_1",23.6675233185091,0
"5P_1_7_chr10_93757976_93757977_NM_005097.3(LGI1):c.-168G|A_NM_001308276.1_utr5_0_0_chr10_93757809_f_Mut_1",18.5418291825799,0
"5P_1_7_chr10_93758078_93758079_NM_005097.3(LGI1):c.-66G|C_NM_001308276.1_utr5_0_0_chr10_93757809_f_Mut_1",90.0386756245429,1
"5P_1_7_chr10_93758078_93758079_NM_005097.3(LGI1):c.-66G|C_NM_001308276.1_utr5_0_0_chr10_93757809_f_Ref_1",79.1720531058363,1
"5P_1_7_chr10_93797861_93797862_NM_005097.3(LGI1):c.*59T|A_NR_131777.1_utr5_5_0_chr10_93796968_f_Mut_1",60.8481461339264,1
"5P_1_7_chr10_93797861_93797862_NM_005097.3(LGI1):c.*59T|A_NR_131777.1_utr5_5_0_chr10_93796968_f_Ref_1",51.6014698353593,1
"5P_1_7_chr10_93798140_93798141_NM_005097.3(LGI1):c.*338G|C_NR_131777.1_utr5_5_0_chr10_93796968_f_Mut_1",26.7443289786672,1
"5P_1_7_chr10_93994085_93994086_NM_016341.3(PLCE1):c.-537G|A_NM_001288989.1_utr5_0_0_chr10_93993989_f_Mut_1",30.0040725849354,0
"5P_1_7_chr10_93994085_93994086_NM_016341.3(PLCE1):c.-537G|A_NM_001288989.1_utr5_0_0_chr10_93993989_f_Ref_1",85.5735312693191,0
"5P_1_7_chr10_93994154_93994155_NM_016341.3(PLCE1):c.-468A|G_NM_001288989.1_utr5_0_0_chr10_93993989_f_Ref_1",70.0749878461926,0
"5P_1_7_chr10_93994189_93994190_NM_016341.3(PLCE1):c.-433G|T_NM_001288989.1_utr5_0_0_chr10_93993989_f_Mut_1",17.975938751494,0
"5P_1_7_chr10_93994189_93994190_NM_016341.3(PLCE1):c.-433G|T_NM_001288989.1_utr5_0_0_chr10_93993989_f_Ref_1",53.9748009067225,0
"5P_1_7_chr10_94030695_94030696_NM_016341.3(PLCE1):c.-351T|G_NM_001288989.1_utr5_1_0_chr10_94030683_f_Mut_1",77.0100308034827,1
"5P_1_7_chr10_94030695_94030696_NM_016341.3(PLCE1):c.-351T|G_NM_001288989.1_utr5_1_0_chr10_94030683_f_Ref_1",34.8215237875198,1
"5P_1_7_chr10_94030759_94030760_NM_016341.3(PLCE1):c.-287G|A_NM_001288989.1_utr5_1_0_chr10_94030683_f_Mut_1",55.2161271719331,1
"5P_1_7_chr10_94030759_94030760_NM_016341.3(PLCE1):c.-287G|A_NM_001288989.1_utr5_1_0_chr10_94030683_f_Ref_1",137.967123423085,1
"5P_1_7_chr10_94030881_94030882_NM_016341.3(PLCE1):c.-165T|C_NM_001288989.1_utr5_1_0_chr10_94030683_f_Mut_1",25.5860244522503,0
"5P_1_7_chr10_94030881_94030882_NM_016341.3(PLCE1):c.-165T|C_NM_001288989.1_utr5_1_0_chr10_94030683_f_Ref_1",21.2378122800305,1
"5P_1_7_chr10_94030886_94030887_NM_016341.3(PLCE1):c.-160G|A_NM_001288989.1_utr5_1_0_chr10_94030683_f_Mut_1",18.1613538779412,1
"5P_1_7_chr10_94030886_94030887_NM_016341.3(PLCE1):c.-160G|A_NM_001288989.1_utr5_1_0_chr10_94030683_f_Ref_1",20.2036172509884,1
"5P_1_7_chr10_94030992_94030993_NM_016341.3(PLCE1):c.-54G|T_NM_001288989.1_utr5_1_0_chr10_94030683_f_Mut_1",17.3349263512174,1
"5P_1_7_chr10_94030992_94030993_NM_016341.3(PLCE1):c.-54G|T_NM_001288989.1_utr5_1_0_chr10_94030683_f_Ref_2",27.724302932317,1
"5P_1_7_chr10_94030999_94031000_NM_016341.3(PLCE1):c.-47A|G_NM_001288989.1_utr5_1_0_chr10_94030683_f_Mut_1",34.409243816145,1
"5P_1_7_chr10_99782801_99782802_NM_000392.4(ABCC2):c.-43A|G_NM_000392.4_utr5_0_0_chr10_99782598_f_Mut_1",17.5616733814623,1
"5P_1_7_chr11_103109541_103109542_NM_001080463.1(DYNC2H1):c.-33C|T_NM_001377.2_utr5_0_0_chr11_103109431_f_Mut_1",64.4222645637468,1
"5P_1_7_chr11_103109541_103109542_NM_001080463.1(DYNC2H1):c.-33C|T_NM_001377.2_utr5_0_0_chr11_103109431_f_Ref_1",78.163149196369,1
"5P_1_7_chr11_10455213_10455214_NM_001025389.1(AMPD3):c.-240A|G_NM_001025389.1_utr5_0_0_chr11_10455119_f_Ref_1",115.478886315877,1
"5P_1_7_chr11_10455253_10455254_NM_001025389.1(AMPD3):c.-200G|A_NM_001025389.1_utr5_0_0_chr11_10455119_f_Mut_1",38.2309309120535,1
"5P_1_7_chr11_10455253_10455254_NM_001025389.1(AMPD3):c.-200G|A_NM_001025389.1_utr5_0_0_chr11_10455119_f_Ref_1",28.9560406435572,1
"5P_1_7_chr11_10455405_10455411_NM_001025389.1(AMPD3):c.-48_-43delCAGCGC_NM_001025389.1_utr5_0_0_chr11_10455119_f_Mut_1",50.7746430049081,1
"5P_1_7_chr11_10455405_10455411_NM_001025389.1(AMPD3):c.-48_-43delCAGCGC_NM_001025389.1_utr5_0_0_chr11_10455119_f_Ref_1",72.1528796497301,1
"5P_1_7_chr11_108222845_108222846_NM_000051.3(ATM):c.-371G|C_NM_000051.3_utr5_0_0_chr11_108222832_f_Ref_2",39.070268570232,1
"5P_1_7_chr11_108222888_108222889_NM_000051.3(ATM):c.-328A|T_NM_000051.3_utr5_0_0_chr11_108222832_f_Mut_1",110.487741727303,1
"5P_1_7_chr11_108222942_108222943_NM_000051.3(ATM):c.-274G|A_NM_000051.3_utr5_0_0_chr11_108222832_f_Mut_1",22.6508049321652,1
"5P_1_7_chr11_108222942_108222943_NM_000051.3(ATM):c.-274G|A_NM_000051.3_utr5_0_0_chr11_108222832_f_Ref_1",129.637823357576,1
"5P_1_7_chr11_108222981_108222982_NM_000051.3(ATM):c.-235delC_NM_000051.3_utr5_0_0_chr11_108222832_f_Mut_1",48.5486412114757,0
"5P_1_7_chr11_108222981_108222982_NM_000051.3(ATM):c.-235delC_NM_000051.3_utr5_0_0_chr11_108222832_f_Ref_1",58.6223604265152,0
"5P_1_7_chr11_108222987_108222988_NM_000051.3(ATM):c.-229C|G_NM_000051.3_utr5_0_0_chr11_108222832_f_Mut_1",53.6637621158958,0
"5P_1_7_chr11_108222987_108222988_NM_000051.3(ATM):c.-229C|G_NM_000051.3_utr5_0_0_chr11_108222832_f_Ref_1",237.768158599254,0
"5P_1_7_chr11_108222994_108222995_NM_000051.3(ATM):c.-222T|A_NM_000051.3_utr5_0_0_chr11_108222832_f_Mut_1",61.3713149928653,1
"5P_1_7_chr11_108222994_108222995_NM_000051.3(ATM):c.-222T|A_NM_000051.3_utr5_0_0_chr11_108222832_f_Ref_1",71.9702025181939,1
"5P_1_7_chr11_108222998_108222999_NM_000051.3(ATM):c.-218T|A_NM_000051.3_utr5_0_0_chr11_108222832_f_Mut_1",93.7866160046331,1
"5P_1_7_chr11_108222998_108222999_NM_000051.3(ATM):c.-218T|A_NM_000051.3_utr5_0_0_chr11_108222832_f_Ref_1",54.7827141973014,1
"5P_1_7_chr11_108223030_108223031_NM_000051.3(ATM):c.-186G|A_NM_000051.3_utr5_0_0_chr11_108222832_f_Mut_1",90.8350579433057,1
"5P_1_7_chr11_108223030_108223031_NM_000051.3(ATM):c.-186G|A_NM_000051.3_utr5_0_0_chr11_108222832_f_Ref_1",151.634929328826,1
"5P_1_7_chr11_108223122_108223123_NM_000051.3(ATM):c.-94G|A_NM_000051.3_utr5_0_0_chr11_108222832_f_Mut_1",74.0133041315682,0
"5P_1_7_chr11_108223122_108223123_NM_000051.3(ATM):c.-94G|A_NM_000051.3_utr5_0_0_chr11_108222832_f_Ref_1",59.7004224499155,0
"5P_1_7_chr11_108223142_108223143_NM_000051.3(ATM):c.-74G|A_NM_000051.3_utr5_0_0_chr11_108222832_f_Mut_1",46.2502057368778,0
"5P_1_7_chr11_108223142_108223143_NM_000051.3(ATM):c.-74G|A_NM_000051.3_utr5_0_0_chr11_108222832_f_Ref_2",24.1984419933109,0
"5P_1_7_chr11_108223182_108223183_NM_000051.3(ATM):c.-34A|G_NM_000051.3_utr5_0_0_chr11_108222832_f_Mut_1",63.9354183322535,0
"5P_1_7_chr11_108223184_108223186_NM_000051.3(ATM):c.-32_-31dupTG_NM_000051.3_utr5_0_0_chr11_108222832_f_Mut_1",64.5477291654285,0
"5P_1_7_chr11_108223184_108223186_NM_000051.3(ATM):c.-32_-31dupTG_NM_000051.3_utr5_0_0_chr11_108222832_f_Ref_1",69.4654751671453,0
"5P_1_7_chr11_112024825_112024826_NM_001931.4(DLAT):c.-647C|A_NM_001931.4_utr5_0_0_chr11_112024814_f_Mut_1",43.2590122076679,0
"5P_1_7_chr11_112024825_112024826_NM_001931.4(DLAT):c.-647C|A_NM_001931.4_utr5_0_0_chr11_112024814_f_Ref_1",65.3318625968816,0
"5P_1_7_chr11_112024882_112024883_NM_001931.4(DLAT):c.-590G|A_NM_001931.4_utr5_0_0_chr11_112024814_f_Mut_1",57.6266444452455,0
"5P_1_7_chr11_112024882_112024883_NM_001931.4(DLAT):c.-590G|A_NM_001931.4_utr5_0_0_chr11_112024814_f_Ref_1",35.3516217002147,0
"5P_1_7_chr11_112024900_112024901_NM_001931.4(DLAT):c.-572G|A_NM_001931.4_utr5_0_0_chr11_112024814_f_Mut_1",19.1488080239731,0
"5P_1_7_chr11_112024900_112024901_NM_001931.4(DLAT):c.-572G|A_NM_001931.4_utr5_0_0_chr11_112024814_f_Ref_1",23.060035378332,0
"5P_1_7_chr11_112024972_112024973_NM_001931.4(DLAT):c.-500C|T_NM_001931.4_utr5_0_0_chr11_112024814_f_Mut_1",15.3000466595054,0
"5P_1_7_chr11_112024972_112024973_NM_001931.4(DLAT):c.-500C|T_NM_001931.4_utr5_0_0_chr11_112024814_f_Ref_1",331.978709117273,0
"5P_1_7_chr11_112025089_112025090_NM_001931.4(DLAT):c.-383T|A_NM_001931.4_utr5_0_0_chr11_112024814_f_Ref_1",23.5494611077024,1
"5P_1_7_chr11_112025134_112025135_NM_001931.4(DLAT):c.-338T|C_NM_001931.4_utr5_0_0_chr11_112024814_f_Mut_1",25.2793315556418,1
"5P_1_7_chr11_112025134_112025135_NM_001931.4(DLAT):c.-338T|C_NM_001931.4_utr5_0_0_chr11_112024814_f_Ref_1",71.8778968162623,1
"5P_1_7_chr11_112025250_112025251_NM_001931.4(DLAT):c.-222C|T_NM_001931.4_utr5_0_0_chr11_112024814_f_Mut_1",76.1812987327659,0
"5P_1_7_chr11_112025250_112025251_NM_001931.4(DLAT):c.-222C|T_NM_001931.4_utr5_0_0_chr11_112024814_f_Ref_1",252.117374785541,0
"5P_1_7_chr11_112025260_112025261_NM_001931.4(DLAT):c.-212C|G_NM_001931.4_utr5_0_0_chr11_112024814_f_Mut_1",66.5200407589201,0
"5P_1_7_chr11_112025260_112025261_NM_001931.4(DLAT):c.-212C|G_NM_001931.4_utr5_0_0_chr11_112024814_f_Ref_1",38.8808199221158,0
"5P_1_7_chr11_112025269_112025270_NM_001931.4(DLAT):c.-203C|T_NM_001931.4_utr5_0_0_chr11_112024814_f_Mut_1",42.3265391402684,0
"5P_1_7_chr11_112025269_112025270_NM_001931.4(DLAT):c.-203C|T_NM_001931.4_utr5_0_0_chr11_112024814_f_Ref_1",25.4207100548962,0
"5P_1_7_chr11_112025335_112025336_NM_001931.4(DLAT):c.-137G|A_NM_001931.4_utr5_0_0_chr11_112024814_f_Mut_1",39.9221669685476,1
"5P_1_7_chr11_112025335_112025336_NM_001931.4(DLAT):c.-137G|A_NM_001931.4_utr5_0_0_chr11_112024814_f_Ref_1",29.3688195242598,1
"5P_1_7_chr11_112025382_112025383_NM_001931.4(DLAT):c.-90G|C_NM_001931.4_utr5_0_0_chr11_112024814_f_Ref_1",58.2904196736088,1
"5P_1_7_chr11_112094974_112094975_NM_003002.3(SDHD):c.*5T|C_NR_077060.1_utr5_4_0_chr11_112094805_f_Mut_1",62.7087055059872,0
"5P_1_7_chr11_112094974_112094975_NM_003002.3(SDHD):c.*5T|C_NR_077060.1_utr5_4_0_chr11_112094805_f_Ref_1",129.762100430422,1
"5P_1_7_chr11_112095040_112095041_NM_003002.3(SDHD):c.*71C|A_NR_077060.1_utr5_4_0_chr11_112094805_f_Mut_1",72.4225188275038,0
"5P_1_7_chr11_112095040_112095041_NM_003002.3(SDHD):c.*71C|A_NR_077060.1_utr5_4_0_chr11_112094805_f_Ref_1",19.6648075656629,0
"5P_1_7_chr11_112095271_112095272_NM_003002.3(SDHD):c.*302A|G_NR_077060.1_utr5_4_0_chr11_112094805_f_Mut_1",22.0970418127977,1
"5P_1_7_chr11_112095271_112095272_NM_003002.3(SDHD):c.*302A|G_NR_077060.1_utr5_4_0_chr11_112094805_f_Ref_1",18.0092329456962,1
"5P_1_7_chr11_112095309_112095310_NM_003002.3(SDHD):c.*340A|G_NR_077060.1_utr5_4_0_chr11_112094805_f_Mut_1",19.1825854172342,1
"5P_1_7_chr11_112095309_112095310_NM_003002.3(SDHD):c.*340A|G_NR_077060.1_utr5_4_0_chr11_112094805_f_Ref_1",21.0584090010109,1
"5P_1_7_chr11_112095338_112095339_NM_003002.3(SDHD):c.*369A|G_NR_077060.1_utr5_4_0_chr11_112094805_f_Mut_1",17.6465872951852,1
"5P_1_7_chr11_112095556_112095557_NM_003002.3(SDHD):c.*587A|G_NR_077060.1_utr5_4_0_chr11_112094805_f_Mut_1",18.224398753743,1
"5P_1_7_chr11_112095556_112095557_NM_003002.3(SDHD):c.*587A|G_NR_077060.1_utr5_4_0_chr11_112094805_f_Ref_1",29.7052771829629,1
"5P_1_7_chr11_112095617_112095618_NM_003002.3(SDHD):c.*648A|G_NR_077060.1_utr5_4_0_chr11_112094805_f_Mut_1",24.2404411187947,1
"5P_1_7_chr11_112095617_112095618_NM_003002.3(SDHD):c.*648A|G_NR_077060.1_utr5_4_0_chr11_112094805_f_Ref_1",25.7762234293917,1
"5P_1_7_chr11_112095707_112095708_NM_003002.3(SDHD):c.*738T|A_NR_077060.1_utr5_4_0_chr11_112094805_f_Mut_1",19.1748665430158,1
"5P_1_7_chr11_117999744_117999745_NM_001558.3(IL10RA):c.*104C|G_NR_026691.1_utr5_7_0_chr11_117998715_f_Mut_1",18.4870400310178,0
"5P_1_7_chr11_117999744_117999745_NM_001558.3(IL10RA):c.*104C|G_NR_026691.1_utr5_7_0_chr11_117998715_f_Ref_1",77.5260472134205,0
"5P_1_7_chr11_117999773_117999774_NM_001558.3(IL10RA):c.*133C|T_NR_026691.1_utr5_7_0_chr11_117998715_f_Mut_1",103.958920735848,0
"5P_1_7_chr11_118000279_118000280_NM_001558.3(IL10RA):c.*639C|T_NR_026691.1_utr5_7_0_chr11_117998715_f_Mut_1",39.0518642189187,1
"5P_1_7_chr11_118000279_118000280_NM_001558.3(IL10RA):c.*639C|T_NR_026691.1_utr5_7_0_chr11_117998715_f_Ref_1",29.1128214199177,1
"5P_1_7_chr11_118000316_118000317_NM_001558.3(IL10RA):c.*676C|T_NR_026691.1_utr5_7_0_chr11_117998715_f_Ref_1",27.5908680002563,0
"5P_1_7_chr11_118000396_118000397_NM_001558.3(IL10RA):c.*756T|C_NR_026691.1_utr5_7_0_chr11_117998715_f_Ref_1",75.4500862329124,0
"5P_1_7_chr11_118000494_118000495_NM_001558.3(IL10RA):c.*854C|G_NR_026691.1_utr5_7_0_chr11_117998715_f_Mut_1",135.433699200484,1
"5P_1_7_chr11_118000503_118000504_NM_001558.3(IL10RA):c.*863C|T_NR_026691.1_utr5_7_0_chr11_117998715_f_Mut_1",68.0247246340407,1
"5P_1_7_chr11_118000503_118000504_NM_001558.3(IL10RA):c.*863C|T_NR_026691.1_utr5_7_0_chr11_117998715_f_Ref_1",31.3372510162008,1
"5P_1_7_chr11_118000506_118000507_NM_001558.3(IL10RA):c.*866C|A_NR_026691.1_utr5_7_0_chr11_117998715_f_Ref_1",51.1915381605558,1
"5P_1_7_chr11_118000608_118000609_NM_001558.3(IL10RA):c.*968G|A_NR_026691.1_utr5_7_0_chr11_117998715_f_Mut_1",159.821570808268,1
"5P_1_7_chr11_118000608_118000609_NM_001558.3(IL10RA):c.*968G|A_NR_026691.1_utr5_7_0_chr11_117998715_f_Ref_1",93.3834701354095,1
"5P_1_7_chr11_118000698_118000699_NM_001558.3(IL10RA):c.*1058A|G_NR_026691.1_utr5_7_0_chr11_117998715_f_Ref_1",104.131697221005,1
"5P_1_7_chr11_118000992_118000993_NM_001558.3(IL10RA):c.*1352G|A_NR_026691.1_utr5_7_0_chr11_117998715_f_Mut_1",15.2203471003621,0
"5P_1_7_chr11_118000992_118000993_NM_001558.3(IL10RA):c.*1352G|A_NR_026691.1_utr5_7_0_chr11_117998715_f_Ref_1",31.5624711551587,0
"5P_1_7_chr11_118001015_118001016_NM_001558.3(IL10RA):c.*1375C|A_NR_026691.1_utr5_7_0_chr11_117998715_f_Mut_1",93.4161211889577,0
"5P_1_7_chr11_118001015_118001016_NM_001558.3(IL10RA):c.*1375C|A_NR_026691.1_utr5_7_0_chr11_117998715_f_Ref_1",57.1263159951121,0
"5P_1_7_chr11_118001195_118001196_NM_001558.3(IL10RA):c.*1555C|T_NR_026691.1_utr5_7_0_chr11_117998715_f_Mut_1",17.2103750540751,1
"5P_1_7_chr11_118001195_118001196_NM_001558.3(IL10RA):c.*1555C|T_NR_026691.1_utr5_7_0_chr11_117998715_f_Ref_1",18.0128312537957,1
"5P_1_7_chr11_118001304_118001305_NM_001558.3(IL10RA):c.*1664A|G_NR_026691.1_utr5_7_0_chr11_117998715_f_Mut_1",57.8890983416854,0
"5P_1_7_chr11_118001304_118001305_NM_001558.3(IL10RA):c.*1664A|G_NR_026691.1_utr5_7_0_chr11_117998715_f_Ref_1",105.199400954438,0
"5P_1_7_chr11_118001324_118001325_NM_001558.3(IL10RA):c.*1684G|A_NR_026691.1_utr5_7_0_chr11_117998715_f_Mut_1",64.7709713669082,0
"5P_1_7_chr11_118001324_118001325_NM_001558.3(IL10RA):c.*1684G|A_NR_026691.1_utr5_7_0_chr11_117998715_f_Ref_1",59.3151429112925,0
"5P_1_7_chr11_118001362_118001363_NM_001558.3(IL10RA):c.*1722T|C_NR_026691.1_utr5_7_0_chr11_117998715_f_Mut_1",48.3008784270566,0
"5P_1_7_chr11_118001362_118001363_NM_001558.3(IL10RA):c.*1722T|C_NR_026691.1_utr5_7_0_chr11_117998715_f_Ref_1",25.708997268148,0
"5P_1_7_chr11_118304669_118304670_NM_000733.3(CD3E):c.-166G|A_NM_000733.3_utr5_0_0_chr11_118304580_f_Mut_1",50.4658666552195,0
"5P_1_7_chr11_118304669_118304670_NM_000733.3(CD3E):c.-166G|A_NM_000733.3_utr5_0_0_chr11_118304580_f_Ref_1",97.5205498573966,0
"5P_1_7_chr11_118304762_118304763_NM_000733.3(CD3E):c.-73T|C_NM_000733.3_utr5_0_0_chr11_118304580_f_Mut_1",108.6574708324,0
"5P_1_7_chr11_118304762_118304763_NM_000733.3(CD3E):c.-73T|C_NM_000733.3_utr5_0_0_chr11_118304580_f_Ref_1",38.9721283120439,0
"5P_1_7_chr11_119168341_119168342_NM_001282358.1(NLRX1):c.-154T|C_NM_001282358.1_utr5_0_0_chr11_119168334_f_Mut_1",85.3006119616501,0
"5P_1_7_chr11_119168341_119168342_NM_001282358.1(NLRX1):c.-154T|C_NM_001282358.1_utr5_0_0_chr11_119168334_f_Ref_2",18.9910872208262,1
"5P_1_7_chr11_119168441_119168442_NM_001282358.1(NLRX1):c.-54C|T_NM_001282358.1_utr5_0_0_chr11_119168334_f_Mut_1",15.3023506131107,1
"5P_1_7_chr11_119206338_119206339_NM_005188.3(CBL):c.-79C|T_NM_005188.3_utr5_0_0_chr11_119206276_f_Mut_1",46.9166450730948,0
"5P_1_7_chr11_121292699_121292700_NM_006918.4(SC5D):c.-127T|G_NM_006918.4_utr5_0_0_chr11_121292679_f_Ref_3",92.6533982709478,1
"5P_1_7_chr11_121292732_121292733_NM_006918.4(SC5D):c.-94C|G_NM_006918.4_utr5_0_0_chr11_121292679_f_Mut_1",185.052882161168,1
"5P_1_7_chr11_121292735_121292736_NM_006918.4(SC5D):c.-91C|G_NM_006918.4_utr5_0_0_chr11_121292679_f_Mut_1",26.6542182501746,1
"5P_1_7_chr11_124865457_124865458_NM_022370.3(ROBO3):c.-120G|C_NM_022370.3_utr5_0_0_chr11_124865409_f_Ref_1",32.7922858366625,0
"5P_1_7_chr11_124865517_124865518_NM_022370.3(ROBO3):c.-60G|T_NM_022370.3_utr5_0_0_chr11_124865409_f_Mut_1",85.8010967102051,0
"5P_1_7_chr11_124865517_124865518_NM_022370.3(ROBO3):c.-60G|T_NM_022370.3_utr5_0_0_chr11_124865409_f_Ref_1",19.9245489868583,0
"5P_1_7_chr11_124919285_124919286_NM_152722.4(HEPACAM):c.*1852C|G_NM_001037558.2_utr5_0_0_chr11_124919250_f_Mut_1",17.5903420741796,0
"5P_1_7_chr11_124919338_124919339_NM_152722.4(HEPACAM):c.*1799T|C_NM_001037558.2_utr5_0_0_chr11_124919250_f_Mut_1",10.6970609708345,1
"5P_1_7_chr11_124919338_124919339_NM_152722.4(HEPACAM):c.*1799T|C_NM_001037558.2_utr5_0_0_chr11_124919250_f_Ref_1",8.10229101941454,1
"5P_1_7_chr11_124919523_124919524_NM_152722.4(HEPACAM):c.*1614A|T_NM_001037558.2_utr5_0_0_chr11_124919250_f_Mut_1",35.4791560178557,0
"5P_1_7_chr11_124919523_124919524_NM_152722.4(HEPACAM):c.*1614A|T_NM_001037558.2_utr5_0_0_chr11_124919250_f_Ref_1",58.9252149016678,0
"5P_1_7_chr11_124919661_124919662_NM_152722.4(HEPACAM):c.*1476C|T_NM_001037558.2_utr5_0_0_chr11_124919250_f_Mut_1",22.186783103133,0
"5P_1_7_chr11_124919661_124919662_NM_152722.4(HEPACAM):c.*1476C|T_NM_001037558.2_utr5_0_0_chr11_124919250_f_Ref_1",29.7120518721353,0
"5P_1_7_chr11_125883631_125883632_NM_145014.2(HYLS1):c.-516G|A_NM_145014.2_utr5_0_0_chr11_125883614_f_Ref_3",30.5088861894092,1
"5P_1_7_chr11_125883660_125883661_NM_145014.2(HYLS1):c.-487G|A_NM_145014.2_utr5_0_0_chr11_125883614_f_Mut_1",17.7402560373481,1
"5P_1_7_chr11_125883745_125883746_NM_145014.2(HYLS1):c.-402C|T_NM_145014.2_utr5_0_0_chr11_125883614_f_Mut_1",10.4390746212381,1
"5P_1_7_chr11_125883745_125883746_NM_145014.2(HYLS1):c.-402C|T_NM_145014.2_utr5_0_0_chr11_125883614_f_Ref_1",19.5882023798614,1
"5P_1_7_chr11_125883988_125883989_NM_145014.2(HYLS1):c.-159A|G_NM_145014.2_utr5_0_0_chr11_125883614_f_Mut_1",17.5026204828503,0
"5P_1_7_chr11_125883988_125883989_NM_145014.2(HYLS1):c.-159A|G_NM_145014.2_utr5_0_0_chr11_125883614_f_Ref_1",11.6282330449174,0
"5P_1_7_chr11_126269043_126269044_NM_017547.3(FOXRED1):c.-163G|C_NM_017547.3_utr5_0_0_chr11_126269040_f_Mut_1",32.3809172857787,1
"5P_1_7_chr11_126269171_126269172_NM_017547.3(FOXRED1):c.-35G|A_NM_017547.3_utr5_0_0_chr11_126269040_f_Mut_1",57.6096910821813,1
"5P_1_7_chr11_126277773_126277774_NM_017547.3(FOXRED1):c.*85T|C_NR_037647.1_utr5_9_0_chr11_126277435_f_Ref_1",100.313043297786,1
"5P_1_7_chr11_126277847_126277848_NM_017547.3(FOXRED1):c.*159C|T_NR_037647.1_utr5_9_0_chr11_126277435_f_Mut_1",29.6589435151388,0
"5P_1_7_chr11_126277847_126277848_NM_017547.3(FOXRED1):c.*159C|T_NR_037647.1_utr5_9_0_chr11_126277435_f_Ref_1",41.935228917597,0
"5P_1_7_chr11_126277878_126277879_NM_017547.3(FOXRED1):c.*190T|C_NR_037647.1_utr5_9_0_chr11_126277435_f_Mut_1",16.8735243338886,0
"5P_1_7_chr11_126277878_126277879_NM_017547.3(FOXRED1):c.*190T|C_NR_037647.1_utr5_9_0_chr11_126277435_f_Ref_1",27.8650582456701,0
"5P_1_7_chr11_126278080_126278081_NM_017547.3(FOXRED1):c.*392G|A_NR_037647.1_utr5_9_0_chr11_126277435_f_Mut_1",73.2742052834699,1
"5P_1_7_chr11_126278080_126278081_NM_017547.3(FOXRED1):c.*392G|A_NR_037647.1_utr5_9_0_chr11_126277435_f_Ref_2",13.6707934697179,1
"5P_1_7_chr11_126278120_126278121_NM_017547.3(FOXRED1):c.*432T|G_NR_037647.1_utr5_9_0_chr11_126277435_f_Mut_1",25.4677538032945,1
"5P_1_7_chr11_128891428_128891441_NM_000890.4(KCNJ5):c.-303_-291delCACACACACACACinsGAGAG_NM_000890.3_utr5_0_0_chr11_128891418_f_Mut_1",72.4883197889381,0
"5P_1_7_chr11_128891428_128891441_NM_000890.4(KCNJ5):c.-303_-291delCACACACACACACinsGAGAGAG_NM_000890.3_utr5_0_0_chr11_128891418_f_Mut_1",89.0923655147171,0
"5P_1_7_chr11_128891430_128891441_NM_000890.4(KCNJ5):c.-301_-291delCACACACACACinsG_NM_000890.3_utr5_0_0_chr11_128891418_f_Mut_1",34.9904021683488,0
"5P_1_7_chr11_128891430_128891441_NM_000890.4(KCNJ5):c.-301_-291delCACACACACACinsG_NM_000890.3_utr5_0_0_chr11_128891418_f_Ref_5",61.6747587083003,0
"5P_1_7_chr11_128891430_128891441_NM_000890.4(KCNJ5):c.-301_-291delCACACACACACinsGAG_NM_000890.3_utr5_0_0_chr11_128891418_f_Mut_1",88.3359434685787,0
"5P_1_7_chr11_128891430_128891441_NM_000890.4(KCNJ5):c.-301_-291delCACACACACACinsGAGAG_NM_000890.3_utr5_0_0_chr11_128891418_f_Mut_1",70.4269796342484,0
"5P_1_7_chr11_128891430_128891441_NM_000890.4(KCNJ5):c.-301_-291delCACACACACACinsGAGAGAG_NM_000890.3_utr5_0_0_chr11_128891418_f_Mut_1",33.1677278778698,0
"5P_1_7_chr11_128891430_128891441_NM_000890.4(KCNJ5):c.-301_-291delCACACACACACinsGAGAGAGAGAGAGAG_NM_000890.3_utr5_0_0_chr11_128891418_f_Mut_1",89.4433640644497,0
"5P_1_7_chr11_128891434_128891441_NM_000890.4(KCNJ5):c.-297_-291delCACACACinsGAGAGAGAGAGAGAG_NM_000890.3_utr5_0_0_chr11_128891418_f_Mut_1",104.221458709669,0
"5P_1_7_chr11_128891434_128891441_NM_000890.4(KCNJ5):c.-297_-291delCACACACinsGAGAGAGAGAGAGAG_NM_000890.3_utr5_0_0_chr11_128891418_f_Ref_2",33.9084839146503,0
"5P_1_7_chr11_128891436_128891436_NM_000890.4(KCNJ5):c.-296_-295insGAGAGA_NM_000890.3_utr5_0_0_chr11_128891418_f_Mut_1",29.3787478126188,0
"5P_1_7_chr11_128891436_128891436_NM_000890.4(KCNJ5):c.-296_-295insGAGAGA_NM_000890.3_utr5_0_0_chr11_128891418_f_Ref_6",23.3513908736637,0
"5P_1_7_chr11_128891436_128891437_NM_000890.4(KCNJ5):c.-295C|G_NM_000890.3_utr5_0_0_chr11_128891418_f_Ref_8",48.3901356564762,0
"5P_1_7_chr11_128891436_128891441_NM_000890.4(KCNJ5):c.-295_-291delCACACinsGAGAGAGAGAG_NM_000890.3_utr5_0_0_chr11_128891418_f_Mut_1",34.5202226341961,0
"5P_1_7_chr11_128891436_128891441_NM_000890.4(KCNJ5):c.-295_-291delCACACinsGAGAGAGAGAGAG_NM_000890.3_utr5_0_0_chr11_128891418_f_Mut_1",38.3598429408934,0
"5P_1_7_chr11_128891438_128891438_NM_000890.4(KCNJ5):c.-294_-293insGAGAGA_NM_000890.3_utr5_0_0_chr11_128891418_f_Mut_1",20.0778828023082,0
"5P_1_7_chr11_128891438_128891439_NM_000890.4(KCNJ5):c.-293C|G_NM_000890.3_utr5_0_0_chr11_128891418_f_Mut_1",24.2197841521502,0
"5P_1_7_chr11_128891438_128891441_NM_000890.4(KCNJ5):c.-293_-291delCACinsGAGAGAGAG_NM_000890.3_utr5_0_0_chr11_128891418_f_Mut_1",27.117153741497,0
"5P_1_7_chr11_128891438_128891442_NM_000890.4(KCNJ5):c.-293_-290dup_NM_000890.3_utr5_0_0_chr11_128891418_f_Mut_1",106.623218587823,0
"5P_1_7_chr11_128891438_128891443_NM_000890.4(KCNJ5):c.-293_-289delCACAGinsGAGAGAGAGAGAA_NM_000890.3_utr5_0_0_chr11_128891418_f_Mut_1",29.129267452826,0
"5P_1_7_chr11_128891438_128891444_NM_000890.4(KCNJ5):c.-293_-288delCACAGA_NM_000890.3_utr5_0_0_chr11_128891418_f_Mut_1",381.029346652656,0
"5P_1_7_chr11_128891440_128891440_NM_000890.4(KCNJ5):c.-292_-291insGAGAGA_NM_000890.3_utr5_0_0_chr11_128891418_f_Mut_1",29.2234898115347,0
"5P_1_7_chr11_128891440_128891441_NM_000890.4(KCNJ5):c.-291delCinsGAGAGAGAG_NM_000890.3_utr5_0_0_chr11_128891418_f_Mut_1",115.295793867253,0
"5P_1_7_chr11_128891440_128891441_NM_000890.4(KCNJ5):c.-291delCinsGAGAGAGAGAG_NM_000890.3_utr5_0_0_chr11_128891418_f_Mut_1",44.9451768405125,0
"5P_1_7_chr11_128891440_128891446_NM_000890.4(KCNJ5):c.-291_-286delCAGAGA_NM_000890.3_utr5_0_0_chr11_128891418_f_Mut_1",169.408867045427,0
"5P_1_7_chr11_128891442_128891443_NM_000890.4(KCNJ5):c.-289G|C_NM_000890.3_utr5_0_0_chr11_128891418_f_Mut_1",111.334466358141,0
"5P_1_7_chr11_128891444_128891445_NM_000890.4(KCNJ5):c.-287G|C_NM_000890.3_utr5_0_0_chr11_128891418_f_Mut_1",72.7273260471768,0
"5P_1_7_chr11_128891446_128891447_NM_000890.4(KCNJ5):c.-285G|C_NM_000890.3_utr5_0_0_chr11_128891418_f_Mut_1",315.895786054163,0
"5P_1_7_chr11_128891448_128891448_NM_000890.4(KCNJ5):c.-284_-283insAAGAGA_NM_000890.3_utr5_0_0_chr11_128891418_f_Mut_1",34.2386714258606,0
"5P_1_7_chr11_128891459_128891460_NM_000890.4(KCNJ5):c.-272A|G_NM_000890.3_utr5_0_0_chr11_128891418_f_Mut_1",66.5684788160855,0
"5P_1_7_chr11_128891470_128891476_NM_000890.4(KCNJ5):c.-261_-256dup_NM_000890.3_utr5_0_0_chr11_128891418_f_Mut_1",55.7766847517362,0
"5P_1_7_chr11_128891472_128891476_NM_000890.4(KCNJ5):c.-259_-256dup_NM_000890.3_utr5_0_0_chr11_128891418_f_Mut_1",48.949114099849,0
"5P_1_7_chr11_128891474_128891476_NM_000890.4(KCNJ5):c.-257_-256dup_NM_000890.3_utr5_0_0_chr11_128891418_f_Mut_1",70.455788158363,0
"5P_1_7_chr11_128891478_128891479_NM_000890.4(KCNJ5):c.-253G|T_NM_000890.3_utr5_0_0_chr11_128891418_f_Mut_1",16.51490540608,1
"5P_1_7_chr11_18407455_18407456_NM_005566.3(LDHA):c.*175C|T_NR_028500.1_utr5_6_0_chr11_18407117_f_Mut_1",32.7775362133749,1
"5P_1_7_chr11_18407455_18407456_NM_005566.3(LDHA):c.*175C|T_NR_028500.1_utr5_6_0_chr11_18407117_f_Ref_1",35.3313199061931,1
"5P_1_7_chr11_18407523_18407524_NM_005566.3(LDHA):c.*243C|G_NR_028500.1_utr5_6_0_chr11_18407117_f_Mut_1",43.1896789871805,0
"5P_1_7_chr11_18407523_18407524_NM_005566.3(LDHA):c.*243C|G_NR_028500.1_utr5_6_0_chr11_18407117_f_Ref_1",132.962615424736,0
"5P_1_7_chr11_18407533_18407534_NM_005566.3(LDHA):c.*253G|A_NR_028500.1_utr5_6_0_chr11_18407117_f_Mut_1",61.9043601472026,0
"5P_1_7_chr11_18407533_18407534_NM_005566.3(LDHA):c.*253G|A_NR_028500.1_utr5_6_0_chr11_18407117_f_Ref_1",18.9204685934054,0
"5P_1_7_chr11_18407591_18407592_NM_005566.3(LDHA):c.*311C|T_NR_028500.1_utr5_6_0_chr11_18407117_f_Mut_1",31.4532463047897,1
"5P_1_7_chr11_18407591_18407592_NM_005566.3(LDHA):c.*311C|T_NR_028500.1_utr5_6_0_chr11_18407117_f_Ref_1",16.3225663689112,1
"5P_1_7_chr11_18407781_18407782_NM_005566.3(LDHA):c.*501C|A_NR_028500.1_utr5_6_0_chr11_18407117_f_Mut_1",12.9975996449585,1
"5P_1_7_chr11_18407781_18407782_NM_005566.3(LDHA):c.*501C|A_NR_028500.1_utr5_6_0_chr11_18407117_f_Ref_1",16.9158451091871,1
"5P_1_7_chr11_18407866_18407867_NM_005566.3(LDHA):c.*586A|G_NR_028500.1_utr5_6_0_chr11_18407117_f_Ref_1",17.6791937904504,1
"5P_1_7_chr11_18407940_18407941_NM_005566.3(LDHA):c.*660C|T_NR_028500.1_utr5_6_0_chr11_18407117_f_Mut_1",19.0387615330266,1
"5P_1_7_chr11_18407940_18407941_NM_005566.3(LDHA):c.*660C|T_NR_028500.1_utr5_6_0_chr11_18407117_f_Ref_1",33.6652110786913,1
"5P_1_7_chr11_18407986_18407987_NM_005566.3(LDHA):c.*706G|A_NR_028500.1_utr5_6_0_chr11_18407117_f_Ref_1",16.4501383564317,1
"5P_1_7_chr11_18408005_18408006_NM_005566.3(LDHA):c.*725T|G_NR_028500.1_utr5_6_0_chr11_18407117_f_Mut_1",40.6808766592016,1
"5P_1_7_chr11_18408005_18408006_NM_005566.3(LDHA):c.*725T|G_NR_028500.1_utr5_6_0_chr11_18407117_f_Ref_1",33.5271361206939,1
"5P_1_7_chr11_18408025_18408026_NM_005566.3(LDHA):c.*745T|C_NR_028500.1_utr5_6_0_chr11_18407117_f_Mut_1",33.5851526975975,0
"5P_1_7_chr11_18408115_18408116_NM_005566.3(LDHA):c.*835A|G_NR_028500.1_utr5_6_0_chr11_18407117_f_Ref_1",20.0194589410391,1
"5P_1_7_chr11_1919598_1919599_NM_006757.3(TNNT3):c.-182C|G_NM_001042782.2_utr5_0_0_chr11_1919569_f_Mut_1",21.4289636576043,0
"5P_1_7_chr11_1919598_1919599_NM_006757.3(TNNT3):c.-182C|G_NM_001042782.2_utr5_0_0_chr11_1919569_f_Ref_2",102.554293735431,0
"5P_1_7_chr11_1919758_1919759_NM_006757.3(TNNT3):c.-22G|T_NM_001042782.2_utr5_0_0_chr11_1919569_f_Mut_1",16.1432126217335,0
"5P_1_7_chr11_1919758_1919759_NM_006757.3(TNNT3):c.-22G|T_NM_001042782.2_utr5_0_0_chr11_1919569_f_Ref_1",64.6192437727764,0
"5P_1_7_chr11_20599590_20599591_NM_004211.4(SLC6A5):c.-82delG_NM_001318369.1_utr5_0_0_chr11_20599400_f_Mut_1",35.2762678244255,0
"5P_1_7_chr11_20599670_20599671_NM_004211.4(SLC6A5):c.-2A|G_NM_001318369.1_utr5_0_0_chr11_20599400_f_Mut_1",38.7463400574644,0
"5P_1_7_chr11_20599670_20599671_NM_004211.4(SLC6A5):c.-2A|G_NM_001318369.1_utr5_0_0_chr11_20599400_f_Ref_1",61.9521617274459,0
"5P_1_7_chr11_22193231_22193232_NM_213599.2(ANO5):c.-261A|C_NM_001142649.1_utr5_0_0_chr11_22193176_f_Mut_1",26.0321067530313,0
"5P_1_7_chr11_22193231_22193232_NM_213599.2(ANO5):c.-261A|C_NM_001142649.1_utr5_0_0_chr11_22193176_f_Ref_1",178.497310962202,0
"5P_1_7_chr11_22193282_22193283_NM_213599.2(ANO5):c.-210G|C_NM_001142649.1_utr5_0_0_chr11_22193176_f_Mut_1",37.6832895662116,0
"5P_1_7_chr11_22193282_22193283_NM_213599.2(ANO5):c.-210G|C_NM_001142649.1_utr5_0_0_chr11_22193176_f_Ref_1",40.3550906224906,0
"5P_1_7_chr11_22193298_22193299_NM_213599.2(ANO5):c.-194G|T_NM_001142649.1_utr5_0_0_chr11_22193176_f_Mut_1",55.6874328598937,0
"5P_1_7_chr11_22193298_22193299_NM_213599.2(ANO5):c.-194G|T_NM_001142649.1_utr5_0_0_chr11_22193176_f_Ref_1",28.7284471771111,0
"5P_1_7_chr11_22193330_22193331_NM_213599.2(ANO5):c.-162A|G_NM_001142649.1_utr5_0_0_chr11_22193176_f_Ref_1",70.2193231760793,0
"5P_1_7_chr11_22193427_22193428_NM_213599.2(ANO5):c.-65G|C_NM_001142649.1_utr5_0_0_chr11_22193176_f_Mut_1",60.1501128537225,0
"5P_1_7_chr11_22193427_22193428_NM_213599.2(ANO5):c.-65G|C_NM_001142649.1_utr5_0_0_chr11_22193176_f_Ref_1",25.6338428023893,0
"5P_1_7_chr11_2445029_2445030_NM_000218.2(KCNQ1):c.-69G|A_NM_000218.2_utr5_0_0_chr11_2444991_f_Mut_1",38.3434793901837,0
"5P_1_7_chr11_278403_278404_NM_138329.2(NLRP6):c.-166G|A_ENST00000534750.5_utr5_0_0_chr11_278365_f_Mut_1",123.599598042935,0
"5P_1_7_chr11_278403_278404_NM_138329.2(NLRP6):c.-166G|A_ENST00000534750.5_utr5_0_0_chr11_278365_f_Ref_1",40.0826738829217,0
"5P_1_7_chr11_34916284_34916285_NM_003477.2(PDHX):c.-371G|A_NM_001166158.1_utr5_0_0_chr11_34916130_f_Mut_1",22.2141140075004,0
"5P_1_7_chr11_34916284_34916285_NM_003477.2(PDHX):c.-371G|A_NM_001166158.1_utr5_0_0_chr11_34916130_f_Ref_1",21.876254225271,0
"5P_1_7_chr11_34916297_34916298_NM_003477.2(PDHX):c.-358G|A_NM_001166158.1_utr5_0_0_chr11_34916130_f_Mut_1",21.2652788651819,0
"5P_1_7_chr11_34916297_34916298_NM_003477.2(PDHX):c.-358G|A_NM_001166158.1_utr5_0_0_chr11_34916130_f_Ref_1",32.5667363491184,0
"5P_1_7_chr11_34916301_34916302_NM_003477.2(PDHX):c.-354C|T_NM_001166158.1_utr5_0_0_chr11_34916130_f_Mut_1",37.7171728674652,0
"5P_1_7_chr11_34916301_34916302_NM_003477.2(PDHX):c.-354C|T_NM_001166158.1_utr5_0_0_chr11_34916130_f_Ref_1",63.8137351461632,0
"5P_1_7_chr11_34916447_34916448_NM_003477.2(PDHX):c.-208C|T_NM_001166158.1_utr5_0_0_chr11_34916130_f_Mut_1",25.7724224222122,0
"5P_1_7_chr11_34916447_34916448_NM_003477.2(PDHX):c.-208C|T_NM_001166158.1_utr5_0_0_chr11_34916130_f_Ref_1",72.2462043307225,0
"5P_1_7_chr11_34916500_34916501_NM_003477.2(PDHX):c.-155G|A_NM_001166158.1_utr5_0_0_chr11_34916130_f_Mut_1",27.2392513875547,0
"5P_1_7_chr11_34916500_34916501_NM_003477.2(PDHX):c.-155G|A_NM_001166158.1_utr5_0_0_chr11_34916130_f_Ref_1",11.4794172809292,0
"5P_1_7_chr11_34916648_34916649_NM_003477.2(PDHX):c.-7C|T_NM_001166158.1_utr5_0_0_chr11_34916130_f_Ref_1",54.0616257064938,0
"5P_1_7_chr11_36568022_36568023_NM_000448.2(RAG1):c.-114G|A_NM_000448.2_utr5_0_0_chr11_36568013_f_Mut_1",15.0994928773326,0
"5P_1_7_chr11_36568022_36568023_NM_000448.2(RAG1):c.-114G|A_NM_000448.2_utr5_0_0_chr11_36568013_f_Ref_1",51.4939004336344,0
"5P_1_7_chr11_45805123_45805124_NM_018389.4(SLC35C1):c.-678A|G_NM_018389.4_utr5_0_0_chr11_45805090_f_Mut_1",27.1284081781222,0
"5P_1_7_chr11_45805123_45805124_NM_018389.4(SLC35C1):c.-678A|G_NM_018389.4_utr5_0_0_chr11_45805090_f_Ref_3",58.5084889176608,0
"5P_1_7_chr11_45805136_45805137_NM_018389.4(SLC35C1):c.-665C|T_NM_018389.4_utr5_0_0_chr11_45805090_f_Mut_1",50.0946043191239,0
"5P_1_7_chr11_45805144_45805145_NM_018389.4(SLC35C1):c.-657C|A_NM_018389.4_utr5_0_0_chr11_45805090_f_Mut_1",67.3933801928528,0
"5P_1_7_chr11_45805148_45805149_NM_018389.4(SLC35C1):c.-653C|T_NM_018389.4_utr5_0_0_chr11_45805090_f_Mut_1",17.7870760063329,0
"5P_1_7_chr11_45805148_45805149_NM_018389.4(SLC35C1):c.-653C|T_NM_018389.4_utr5_0_0_chr11_45805090_f_Ref_1",61.0988298612271,0
"5P_1_7_chr11_45805168_45805169_NM_018389.4(SLC35C1):c.-633T|G_NM_018389.4_utr5_0_0_chr11_45805090_f_Mut_1",40.2798455389188,0
"5P_1_7_chr11_45805168_45805169_NM_018389.4(SLC35C1):c.-633T|G_NM_018389.4_utr5_0_0_chr11_45805090_f_Ref_1",110.358517496255,0
"5P_1_7_chr11_45805283_45805284_NM_018389.4(SLC35C1):c.-518C|A_NM_018389.4_utr5_0_0_chr11_45805090_f_Mut_1",24.1985660551083,0
"5P_1_7_chr11_45805408_45805409_NM_018389.4(SLC35C1):c.-393C|T_NM_018389.4_utr5_0_0_chr11_45805090_f_Mut_1",33.3912189034021,0
"5P_1_7_chr11_45805408_45805409_NM_018389.4(SLC35C1):c.-393C|T_NM_018389.4_utr5_0_0_chr11_45805090_f_Ref_1",69.3296771859668,0
"5P_1_7_chr11_45805567_45805568_NM_018389.4(SLC35C1):c.-234T|G_NM_018389.4_utr5_0_0_chr11_45805090_f_Mut_1",42.5904692926038,0
"5P_1_7_chr11_45805567_45805568_NM_018389.4(SLC35C1):c.-234T|G_NM_018389.4_utr5_0_0_chr11_45805090_f_Ref_1",89.1773148108235,0
"5P_1_7_chr11_45805583_45805584_NM_018389.4(SLC35C1):c.-218G|C_NM_018389.4_utr5_0_0_chr11_45805090_f_Mut_1",86.0149102659216,0
"5P_1_7_chr11_45805583_45805584_NM_018389.4(SLC35C1):c.-218G|C_NM_018389.4_utr5_0_0_chr11_45805090_f_Ref_1",62.885302928041,0
"5P_1_7_chr11_45805713_45805714_NM_018389.4(SLC35C1):c.-88T|G_NM_018389.4_utr5_0_0_chr11_45805090_f_Mut_1",90.2619534586459,0
"5P_1_7_chr11_45805713_45805714_NM_018389.4(SLC35C1):c.-88T|G_NM_018389.4_utr5_0_0_chr11_45805090_f_Ref_1",50.4955892169052,0
"5P_1_7_chr11_46700833_46700838_NM_024741.2(ZNF408):c.-214_-210delGAATC_NM_024741.2_utr5_0_0_chr11_46700767_f_Mut_1",39.6808728068527,0
"5P_1_7_chr11_46700833_46700838_NM_024741.2(ZNF408):c.-214_-210delGAATC_NM_024741.2_utr5_0_0_chr11_46700767_f_Ref_1",11.8783704343843,0
"5P_1_7_chr11_46700936_46700937_NM_024741.2(ZNF408):c.-111C|A_NM_024741.2_utr5_0_0_chr11_46700767_f_Mut_1",30.0671233461276,0
"5P_1_7_chr11_46700936_46700937_NM_024741.2(ZNF408):c.-111C|A_NM_024741.2_utr5_0_0_chr11_46700767_f_Ref_1",160.141224414943,0
"5P_1_7_chr11_47215013_47215014_NM_000107.2(DDB2):c.-123T|G_NM_001300734.1_utr5_0_0_chr11_47214942_f_Mut_1",92.2450161163122,1
"5P_1_7_chr11_47215013_47215014_NM_000107.2(DDB2):c.-123T|G_NM_001300734.1_utr5_0_0_chr11_47214942_f_Ref_1",222.29088191133,1
"5P_1_7_chr11_47215080_47215081_NM_000107.2(DDB2):c.-56A|G_NM_001300734.1_utr5_0_0_chr11_47214942_f_Mut_1",28.5834508158054,0
"5P_1_7_chr11_47215080_47215081_NM_000107.2(DDB2):c.-56A|G_NM_001300734.1_utr5_0_0_chr11_47214942_f_Ref_2",81.0187115880995,0
"5P_1_7_chr11_47215105_47215106_NM_000107.2(DDB2):c.-31G|C_NM_001300734.1_utr5_0_0_chr11_47214942_f_Mut_1",15.3619441898078,0
"5P_1_7_chr11_57597639_57597640_NM_000062.2(SERPING1):c.-105C|A_NM_000062.2_utr5_0_0_chr11_57597554_f_Mut_1",12.4548753678814,0
"5P_1_7_chr11_57597639_57597640_NM_000062.2(SERPING1):c.-105C|A_NM_000062.2_utr5_0_0_chr11_57597554_f_Ref_1",11.7874857152714,0
"5P_1_7_chr11_57597645_57597646_NM_000062.2(SERPING1):c.-99C|G_NM_000062.2_utr5_0_0_chr11_57597554_f_Mut_1",46.5995447358068,0
"5P_1_7_chr11_57597645_57597646_NM_000062.2(SERPING1):c.-99C|G_NM_000062.2_utr5_0_0_chr11_57597554_f_Ref_1",35.5035461054105,0
"5P_1_7_chr11_57597688_57597689_NM_000062.2(SERPING1):c.-56T|G_NM_000062.2_utr5_0_0_chr11_57597554_f_Mut_1",16.9656393792196,1
"5P_1_7_chr11_57597708_57597709_NM_000062.2(SERPING1):c.-36A|T_NM_000062.2_utr5_0_0_chr11_57597554_f_Mut_1",29.6426264486186,1
"5P_1_7_chr11_61362039_61362042_NM_016464.4(TMEM138):c.-520_-518delTCC_NM_016464.4_utr5_0_0_chr11_61362001_f_Ref_1",24.7184406572255,0
"5P_1_7_chr11_61362041_61362042_NM_016464.4(TMEM138):c.-518C|T_NM_016464.4_utr5_0_0_chr11_61362001_f_Mut_1",29.9689260311113,0
"5P_1_7_chr11_61362080_61362081_NM_016464.4(TMEM138):c.-479A|C_NM_016464.4_utr5_0_0_chr11_61362001_f_Mut_1",82.8198728825211,0
"5P_1_7_chr11_61362209_61362210_NM_016464.4(TMEM138):c.-350A|C_NM_016464.4_utr5_0_0_chr11_61362001_f_Mut_1",21.3167065629122,0
"5P_1_7_chr11_61362255_61362256_NM_016464.4(TMEM138):c.-304C|A_NM_016464.4_utr5_0_0_chr11_61362001_f_Mut_1",9.89294563862402,0
"5P_1_7_chr11_61362265_61362266_NM_016464.4(TMEM138):c.-294G|A_NM_016464.4_utr5_0_0_chr11_61362001_f_Mut_1",19.7042008908717,0
"5P_1_7_chr11_61362304_61362305_NM_016464.4(TMEM138):c.-255C|T_NM_016464.4_utr5_0_0_chr11_61362001_f_Mut_1",31.620260199127,1
"5P_1_7_chr11_61362304_61362305_NM_016464.4(TMEM138):c.-255C|T_NM_016464.4_utr5_0_0_chr11_61362001_f_Ref_1",21.0453602356026,1
"5P_1_7_chr11_61362320_61362321_NM_016464.4(TMEM138):c.-239C|T_NM_016464.4_utr5_0_0_chr11_61362001_f_Mut_1",21.0963275668414,1
"5P_1_7_chr11_61362333_61362334_NM_016464.4(TMEM138):c.-226C|G_NM_016464.4_utr5_0_0_chr11_61362001_f_Mut_1",15.616264876203,1
"5P_1_7_chr11_61362390_61362391_NM_016464.4(TMEM138):c.-169C|T_NM_016464.4_utr5_0_0_chr11_61362001_f_Ref_3",28.3124323061097,1
"5P_1_7_chr11_61362395_61362396_NM_016464.4(TMEM138):c.-164T|C_NM_016464.4_utr5_0_0_chr11_61362001_f_Mut_1",20.6309842807236,1
"5P_1_7_chr11_61362402_61362403_NM_016464.4(TMEM138):c.-157C|G_NM_016464.4_utr5_0_0_chr11_61362001_f_Mut_1",57.0708952686103,1
"5P_1_7_chr11_61364319_61364320_NM_016464.4(TMEM138):c.-71G|A_NM_016464.4_utr5_1_0_chr11_61364252_f_Mut_1",430.007785056895,0
"5P_1_7_chr11_61364319_61364320_NM_016464.4(TMEM138):c.-71G|A_NM_016464.4_utr5_1_0_chr11_61364252_f_Ref_1",150.971339004522,0
"5P_1_7_chr11_61368800_61368801_NM_016464.4(TMEM138):c.*92G|C_NR_028473.1_utr5_5_0_chr11_61368597_f_Mut_1",18.504972024045,0
"5P_1_7_chr11_61368800_61368801_NM_016464.4(TMEM138):c.*92G|C_NR_028473.1_utr5_5_0_chr11_61368597_f_Ref_1",37.041041391367,0
"5P_1_7_chr11_61368936_61368937_NM_016464.4(TMEM138):c.*228C|G_NR_028473.1_utr5_5_0_chr11_61368597_f_Mut_1",65.3925595024106,0
"5P_1_7_chr11_61368936_61368937_NM_016464.4(TMEM138):c.*228C|G_NR_028473.1_utr5_5_0_chr11_61368597_f_Ref_1",34.5935875055256,0
"5P_1_7_chr11_61368972_61368973_NM_016464.4(TMEM138):c.*264C|G_NR_028473.1_utr5_5_0_chr11_61368597_f_Mut_1",46.8318243319929,0
"5P_1_7_chr11_61368972_61368973_NM_016464.4(TMEM138):c.*264C|G_NR_028473.1_utr5_5_0_chr11_61368597_f_Ref_1",26.0970753851944,0
"5P_1_7_chr11_61369115_61369116_NM_016464.4(TMEM138):c.*407G|C_NR_028473.1_utr5_5_0_chr11_61368597_f_Mut_1",20.1838952676413,1
"5P_1_7_chr11_61369115_61369116_NM_016464.4(TMEM138):c.*407G|C_NR_028473.1_utr5_5_0_chr11_61368597_f_Ref_1",16.7366888867576,1
"5P_1_7_chr11_61392389_61392390_NM_001173990.2(TMEM216):c.-242C|T_NM_001173991.2_utr5_0_0_chr11_61392360_f_Mut_1",54.1615396441155,0
"5P_1_7_chr11_61392389_61392390_NM_001173990.2(TMEM216):c.-242C|T_NM_001173991.2_utr5_0_0_chr11_61392360_f_Ref_1",24.2603301852766,0
"5P_1_7_chr11_61392496_61392497_NM_001173990.2(TMEM216):c.-135T|C_NM_016499.5_utr5_0_0_chr11_61392393_f_Ref_1",187.001721777679,0
"5P_1_7_chr11_61392503_61392504_NM_001173990.2(TMEM216):c.-128A|C_NM_016499.5_utr5_0_0_chr11_61392393_f_Mut_1",17.0125687822553,0
"5P_1_7_chr11_61392540_61392541_NM_001173990.2(TMEM216):c.-91G|A_NM_016499.5_utr5_0_0_chr11_61392393_f_Ref_1",25.6699648609238,0
"5P_1_7_chr11_61950338_61950339_NM_004183.3(BEST1):c.-125G|A_NM_001139443.1_utr5_0_0_chr11_61949884_f_Mut_1",154.198131466192,0
"5P_1_7_chr11_61950338_61950339_NM_004183.3(BEST1):c.-125G|A_NM_001139443.1_utr5_0_0_chr11_61949884_f_Ref_1",234.539798753372,0
"5P_1_7_chr11_61950342_61950343_NM_004183.3(BEST1):c.-121C|T_NM_001139443.1_utr5_0_0_chr11_61949884_f_Mut_1",104.791495267513,0
"5P_1_7_chr11_61950397_61950398_NM_004183.3(BEST1):c.-66G|T_NM_001139443.1_utr5_0_0_chr11_61949884_f_Mut_1",12.5729758762436,0
"5P_1_7_chr11_61950397_61950398_NM_004183.3(BEST1):c.-66G|T_NM_001139443.1_utr5_0_0_chr11_61949884_f_Ref_1",15.9959362667262,0
"5P_1_7_chr11_61964210_61964211_NM_004183.3(BEST1):c.*88_*89insG_NR_134580.1_utr5_10_0_chr11_61964104_f_Mut_1",23.752298156605,0
"5P_1_7_chr11_61964210_61964211_NM_004183.3(BEST1):c.*88_*89insG_NR_134580.1_utr5_10_0_chr11_61964104_f_Ref_1",30.2949689231182,0
"5P_1_7_chr11_61964341_61964342_NM_002032.2(FTH1):c.*385T|G_NR_134580.1_utr5_10_0_chr11_61964104_f_Mut_1",35.1862744145627,1
"5P_1_7_chr11_61964341_61964342_NM_002032.2(FTH1):c.*385T|G_NR_134580.1_utr5_10_0_chr11_61964104_f_Ref_1",21.2720540717326,1
"5P_1_7_chr11_61964414_61964415_NM_002032.2(FTH1):c.*312A|G_NR_134580.1_utr5_10_0_chr11_61964104_f_Mut_1",25.8303410276025,1
"5P_1_7_chr11_62612980_62612981_NM_000327.3(ROM1):c.-301C|T_NM_000327.3_utr5_0_0_chr11_62612741_f_Mut_1",59.8385791707162,0
"5P_1_7_chr11_62613122_62613123_NM_000327.3(ROM1):c.-159delA_NM_000327.3_utr5_0_0_chr11_62612741_f_Mut_1",53.4712919985586,0
"5P_1_7_chr11_62613122_62613123_NM_000327.3(ROM1):c.-159delA_NM_000327.3_utr5_0_0_chr11_62612741_f_Ref_1",32.0447346216125,0
"5P_1_7_chr11_62613163_62613164_NM_000327.3(ROM1):c.-118G|C_NM_000327.3_utr5_0_0_chr11_62612741_f_Mut_1",84.2768025445975,0
"5P_1_7_chr11_62613254_62613255_NM_000327.3(ROM1):c.-27C|T_NM_000327.3_utr5_0_0_chr11_62612741_f_Mut_1",121.694938590546,0
"5P_1_7_chr11_62613254_62613255_NM_000327.3(ROM1):c.-27C|T_NM_000327.3_utr5_0_0_chr11_62612741_f_Ref_1",29.3054931482246,0
"5P_1_7_chr11_6390586_6390587_NM_000543.4(SMPD1):c.-12G|A_NM_001318088.1_utr5_0_0_chr11_6390414_f_Mut_1",24.8760398718907,0
"5P_1_7_chr11_6390586_6390587_NM_000543.4(SMPD1):c.-12G|A_NM_001318088.1_utr5_0_0_chr11_6390414_f_Ref_1",46.5601508560635,0
"5P_1_7_chr11_6394789_6394790_NM_000543.4(SMPD1):c.*183T|G_NR_134502.1_utr5_5_0_chr11_6394178_f_Ref_1",32.4256247178471,1
"5P_1_7_chr11_6394900_6394901_NM_000543.4(SMPD1):c.*294G|C_NR_134502.1_utr5_5_0_chr11_6394178_f_Mut_1",56.5631593828415,0
"5P_1_7_chr11_6394900_6394901_NM_000543.4(SMPD1):c.*294G|C_NR_134502.1_utr5_5_0_chr11_6394178_f_Ref_1",86.2138315927593,0
"5P_1_7_chr11_64590993_64590994_NM_144585.3(SLC22A12):c.-563A|G_NM_001276327.1_utr5_0_0_chr11_64590810_f_Mut_1",19.8138861499366,0
"5P_1_7_chr11_64591000_64591001_NM_144585.3(SLC22A12):c.-556G|A_NM_001276327.1_utr5_0_0_chr11_64590810_f_Mut_1",98.9889586615315,0
"5P_1_7_chr11_64591000_64591001_NM_144585.3(SLC22A12):c.-556G|A_NM_001276327.1_utr5_0_0_chr11_64590810_f_Ref_1",22.8535064917878,0
"5P_1_7_chr11_64591087_64591088_NM_144585.3(SLC22A12):c.-469G|A_NM_001276327.1_utr5_0_0_chr11_64590810_f_Mut_1",27.4003771138005,0
"5P_1_7_chr11_64591090_64591091_NM_144585.3(SLC22A12):c.-466C|G_NM_001276327.1_utr5_0_0_chr11_64590810_f_Mut_1",41.8652504897026,0
"5P_1_7_chr11_64591090_64591091_NM_144585.3(SLC22A12):c.-466C|G_NM_001276327.1_utr5_0_0_chr11_64590810_f_Ref_1",19.7274897219491,0
"5P_1_7_chr11_64591139_64591140_NM_144585.3(SLC22A12):c.-417C|T_NM_001276327.1_utr5_0_0_chr11_64590810_f_Mut_1",66.4659744819076,0
"5P_1_7_chr11_64591139_64591140_NM_144585.3(SLC22A12):c.-417C|T_NM_001276327.1_utr5_0_0_chr11_64590810_f_Ref_1",12.6228480732425,0
"5P_1_7_chr11_64591202_64591203_NM_144585.3(SLC22A12):c.-354G|A_NM_001276327.1_utr5_0_0_chr11_64590810_f_Mut_1",104.065637629634,1
"5P_1_7_chr11_64591202_64591203_NM_144585.3(SLC22A12):c.-354G|A_NM_001276327.1_utr5_0_0_chr11_64590810_f_Ref_1",65.7990478764304,1
"5P_1_7_chr11_64591224_64591225_NM_144585.3(SLC22A12):c.-332A|G_NM_001276327.1_utr5_0_0_chr11_64590810_f_Mut_1",35.9193749244923,1
"5P_1_7_chr11_64591224_64591225_NM_144585.3(SLC22A12):c.-332A|G_NM_001276327.1_utr5_0_0_chr11_64590810_f_Ref_1",56.2738495796883,1
"5P_1_7_chr11_64591246_64591247_NM_144585.3(SLC22A12):c.-310A|C_NM_001276327.1_utr5_0_0_chr11_64590810_f_Mut_1",20.7372403893542,1
"5P_1_7_chr11_64591246_64591247_NM_144585.3(SLC22A12):c.-310A|C_NM_001276327.1_utr5_0_0_chr11_64590810_f_Ref_1",40.3296520889971,1
"5P_1_7_chr11_64591308_64591309_NM_144585.3(SLC22A12):c.-248G|A_NM_001276327.1_utr5_0_0_chr11_64590810_f_Mut_1",54.8119306732669,0
"5P_1_7_chr11_64591308_64591309_NM_144585.3(SLC22A12):c.-248G|A_NM_001276327.1_utr5_0_0_chr11_64590810_f_Ref_1",85.2265780005647,0
"5P_1_7_chr11_64591463_64591464_NM_144585.3(SLC22A12):c.-93C|T_NM_001276327.1_utr5_0_0_chr11_64590810_f_Ref_1",116.170816765193,0
"5P_1_7_chr11_64591511_64591512_NM_144585.3(SLC22A12):c.-45C|G_NM_001276327.1_utr5_0_0_chr11_64590810_f_Mut_1",97.8332718694587,0
"5P_1_7_chr11_64591511_64591512_NM_144585.3(SLC22A12):c.-45C|G_NM_001276327.1_utr5_0_0_chr11_64590810_f_Ref_2",64.5208737661883,0
"5P_1_7_chr11_64591546_64591547_NM_144585.3(SLC22A12):c.-10A|C_NM_001276327.1_utr5_0_0_chr11_64590810_f_Mut_1",34.6901482925955,0
"5P_1_7_chr11_66002089_66002090_NM_001143985.1(BANF1):c.-440A|G_NM_003860.3_utr5_0_0_chr11_66002079_f_Mut_1",33.4465331796616,0
"5P_1_7_chr11_66002089_66002090_NM_001143985.1(BANF1):c.-440A|G_NM_003860.3_utr5_0_0_chr11_66002079_f_Ref_4",67.9313303168563,0
"5P_1_7_chr11_66002100_66002101_NM_001143985.1(BANF1):c.-429G|C_NM_003860.3_utr5_0_0_chr11_66002079_f_Mut_1",18.24451997001,0
"5P_1_7_chr11_66002108_66002109_NM_001143985.1(BANF1):c.-421G|A_NM_003860.3_utr5_0_0_chr11_66002079_f_Mut_1",46.3832320325486,0
"5P_1_7_chr11_66002114_66002116_NM_001143985.1(BANF1):c.-415_-414dupAG_NM_003860.3_utr5_0_0_chr11_66002079_f_Mut_1",42.23515366182,0
"5P_1_7_chr11_66002114_66002116_NM_001143985.1(BANF1):c.-415_-414dupAG_NM_003860.3_utr5_0_0_chr11_66002079_f_Ref_1",43.1141814604978,0
"5P_1_7_chr11_66002121_66002122_NM_001143985.1(BANF1):c.-408C|T_NM_003860.3_utr5_0_0_chr11_66002079_f_Mut_1",81.8606371626133,0
"5P_1_7_chr11_66002232_66002233_NM_001143985.1(BANF1):c.-297G|A_NM_003860.3_utr5_0_0_chr11_66002079_f_Mut_1",86.0298808767074,0
"5P_1_7_chr11_66002232_66002233_NM_001143985.1(BANF1):c.-297G|A_NM_003860.3_utr5_0_0_chr11_66002079_f_Ref_1",70.9128983284969,0
"5P_1_7_chr11_66002443_66002444_NM_001143985.1(BANF1):c.-86G|A_NM_003860.3_utr5_0_0_chr11_66002079_f_Mut_1",33.2310407794384,1
"5P_1_7_chr11_66002443_66002444_NM_001143985.1(BANF1):c.-86G|A_NM_003860.3_utr5_0_0_chr11_66002079_f_Ref_1",95.2888379991197,1
"5P_1_7_chr11_66002494_66002495_NM_001143985.1(BANF1):c.-35A|T_NM_003860.3_utr5_0_0_chr11_66002079_f_Mut_1",34.5319136229424,1
"5P_1_7_chr11_66002494_66002495_NM_001143985.1(BANF1):c.-35A|T_NM_003860.3_utr5_0_0_chr11_66002079_f_Ref_1",16.4710254028646,1
"5P_1_7_chr11_66002516_66002517_NM_001143985.1(BANF1):c.-17+4T|G_NM_003860.3_utr5_0_0_chr11_66002079_f_Mut_1",48.8036468448396,0
"5P_1_7_chr11_66002516_66002517_NM_001143985.1(BANF1):c.-17+4T|G_NM_003860.3_utr5_0_0_chr11_66002079_f_Ref_2",122.939936688136,0
"5P_1_7_chr11_66002524_66002525_NM_001143985.1(BANF1):c.-17+12A|G_NM_003860.3_utr5_0_0_chr11_66002079_f_Mut_1",32.16434525034,0
"5P_1_7_chr11_66230543_66230544_NM_018026.3(PACS1):c.1375-4G|A_ENST00000529757.5_utr5_0_0_chr11_66230380_f_Mut_1",105.129834142102,0
"5P_1_7_chr11_66230543_66230544_NM_018026.3(PACS1):c.1375-4G|A_ENST00000529757.5_utr5_0_0_chr11_66230380_f_Ref_1",28.3728908543638,0
"5P_1_7_chr11_67455396_67455397_NM_145200.3(CABP4):c.-27G|A_NM_001300895.1_utr5_0_0_chr11_67455347_f_Mut_1",303.305701329006,0
"5P_1_7_chr11_67483146_67483147_NM_003977.3(AIP):c.-12C|G_NM_001302960.1_utr5_0_0_chr11_67483029_f_Mut_1",25.0051541240911,0
"5P_1_7_chr11_67483146_67483147_NM_003977.3(AIP):c.-12C|G_NM_001302960.1_utr5_0_0_chr11_67483029_f_Ref_2",65.2977697269361,0
"5P_1_7_chr11_67483156_67483157_NM_003977.3(AIP):c.-2G|C_NM_001302960.1_utr5_0_0_chr11_67483029_f_Mut_1",114.353460589609,0
"5P_1_7_chr11_67606893_67606894_NM_007103.3(NDUFV1):c.-111T|C_NM_001166102.1_utr5_0_0_chr11_67606852_f_Mut_1",80.7180161972621,0
"5P_1_7_chr11_67606893_67606894_NM_007103.3(NDUFV1):c.-111T|C_NM_001166102.1_utr5_0_0_chr11_67606852_f_Ref_1",45.7385247988125,0
"5P_1_7_chr11_67606970_67606971_NM_007103.3(NDUFV1):c.-34T|A_NM_001166102.1_utr5_0_0_chr11_67606852_f_Mut_1",204.751428691066,0
"5P_1_7_chr11_68030635_68030636_NM_002496.3(NDUFS8):c.-98G|A_NM_002496.3_utr5_0_0_chr11_68030617_f_Mut_1",32.5499551563665,0
"5P_1_7_chr11_68030635_68030636_NM_002496.3(NDUFS8):c.-98G|A_NM_002496.3_utr5_0_0_chr11_68030617_f_Ref_2",28.3871362597573,0
"5P_1_7_chr11_68030657_68030658_NM_002496.3(NDUFS8):c.-76C|T_NM_002496.3_utr5_0_0_chr11_68030617_f_Mut_1",214.39037961439,0
"5P_1_7_chr11_68038995_68038996_NM_006019.3(TCIRG1):c.-128G|C_NM_006019.3_utr5_0_0_chr11_68038995_f_Mut_1",39.0397072729207,0
"5P_1_7_chr11_68038995_68038996_NM_006019.3(TCIRG1):c.-128G|C_NM_006019.3_utr5_0_0_chr11_68038995_f_Ref_1",50.1177783953339,0
"5P_1_7_chr11_72080444_72080445_NM_001145308.4(LRTOMT):c.-762C|A_NM_001318803.1_utr5_0_0_chr11_72080331_f_Mut_1",15.8980308820921,1
"5P_1_7_chr11_72080444_72080445_NM_001145308.4(LRTOMT):c.-762C|A_NM_001318803.1_utr5_0_0_chr11_72080331_f_Ref_1",21.8696447219559,1
"5P_1_7_chr11_72080463_72080464_NM_001145308.4(LRTOMT):c.-743G|A_NM_001318803.1_utr5_0_0_chr11_72080331_f_Ref_1",96.7195412309567,0
"5P_1_7_chr11_72080501_72080502_NM_001145308.4(LRTOMT):c.-705A|G_NM_001318803.1_utr5_0_0_chr11_72080331_f_Mut_1",29.6039721343964,0
"5P_1_7_chr11_72080501_72080502_NM_001145308.4(LRTOMT):c.-705A|G_NM_001318803.1_utr5_0_0_chr11_72080331_f_Ref_1",27.8773789549937,0
"5P_1_7_chr11_72080604_72080605_NM_001145308.4(LRTOMT):c.-602G|A_NM_001318803.1_utr5_0_0_chr11_72080331_f_Mut_1",31.5014555624593,1
"5P_1_7_chr11_72080604_72080605_NM_001145308.4(LRTOMT):c.-602G|A_NM_001318803.1_utr5_0_0_chr11_72080331_f_Ref_1",80.7732175157722,1
"5P_1_7_chr11_72080652_72080653_NM_001145308.4(LRTOMT):c.-554G|A_NM_001318803.1_utr5_0_0_chr11_72080331_f_Mut_1",161.199205172824,1
"5P_1_7_chr11_72080652_72080653_NM_001145308.4(LRTOMT):c.-554G|A_NM_001318803.1_utr5_0_0_chr11_72080331_f_Ref_1",26.8601027522369,1
"5P_1_7_chr11_72080680_72080681_NM_001145308.4(LRTOMT):c.-526T|A_NM_001318803.1_utr5_0_0_chr11_72080331_f_Mut_1",48.0334886804032,1
"5P_1_7_chr11_72080680_72080681_NM_001145308.4(LRTOMT):c.-526T|A_NM_001318803.1_utr5_0_0_chr11_72080331_f_Ref_1",22.5313862389407,1
"5P_1_7_chr11_72080725_72080726_NM_001145308.4(LRTOMT):c.-481G|T_NM_001318803.1_utr5_0_0_chr11_72080331_f_Mut_1",20.8113748986329,0
"5P_1_7_chr11_72080725_72080726_NM_001145308.4(LRTOMT):c.-481G|T_NM_001318803.1_utr5_0_0_chr11_72080331_f_Ref_1",18.491512186036,0
"5P_1_7_chr11_72080797_72080798_NM_001145308.4(LRTOMT):c.-409G|A_NM_001318803.1_utr5_0_0_chr11_72080331_f_Mut_1",18.2479247957087,0
"5P_1_7_chr11_72080797_72080798_NM_001145308.4(LRTOMT):c.-409G|A_NM_001318803.1_utr5_0_0_chr11_72080331_f_Ref_1",23.4978182148431,0
"5P_1_7_chr11_72080827_72080828_NM_001145308.4(LRTOMT):c.-379T|C_NM_001318803.1_utr5_0_0_chr11_72080331_f_Mut_1",37.3752862200804,0
"5P_1_7_chr11_72080827_72080828_NM_001145308.4(LRTOMT):c.-379T|C_NM_001318803.1_utr5_0_0_chr11_72080331_f_Ref_2",17.0554460339535,0
"5P_1_7_chr11_72080862_72080863_NM_001145308.4(LRTOMT):c.-344G|A_NM_001318803.1_utr5_0_0_chr11_72080331_f_Mut_1",77.9924648420924,0
"5P_1_7_chr11_72093511_72093512_NM_001145308.4(LRTOMT):c.-305G|A_NM_001145308.4_utr5_1_0_chr11_72093496_f_Mut_1",28.2292108562709,0
"5P_1_7_chr11_72093511_72093512_NM_001145308.4(LRTOMT):c.-305G|A_NM_001145308.4_utr5_1_0_chr11_72093496_f_Ref_2",185.761763654878,0
"5P_1_7_chr11_72093560_72093561_NM_001145308.4(LRTOMT):c.-256C|G_NM_001145308.4_utr5_1_0_chr11_72093496_f_Mut_1",22.4457644977219,0
"5P_1_7_chr11_72093560_72093561_NM_001145308.4(LRTOMT):c.-256C|G_NM_001145308.4_utr5_1_0_chr11_72093496_f_Ref_1",13.7971860620036,0
"5P_1_7_chr11_72093562_72093563_NM_001145308.4(LRTOMT):c.-254G|T_NM_001145308.4_utr5_1_0_chr11_72093496_f_Ref_1",29.1013656081796,0
"5P_1_7_chr11_72093667_72093668_NM_001145308.4(LRTOMT):c.-149C|T_NM_001145308.4_utr5_1_0_chr11_72093496_f_Mut_1",24.0229227182106,0
"5P_1_7_chr11_72093667_72093668_NM_001145308.4(LRTOMT):c.-149C|T_NM_001145308.4_utr5_1_0_chr11_72093496_f_Ref_2",104.73000337252,0
"5P_1_7_chr11_72093693_72093694_NM_001145308.4(LRTOMT):c.-123T|C_NM_001145308.4_utr5_1_0_chr11_72093496_f_Mut_1",35.4986105537157,0
"5P_1_7_chr11_72095005_72095006_NM_001145308.4(LRTOMT):c.-57G|A_NM_001145308.4_utr5_2_0_chr11_72094948_f_Mut_1",29.3603427620193,0
"5P_1_7_chr11_72095046_72095047_NM_001145308.4(LRTOMT):c.-16delC_NM_001145308.4_utr5_2_0_chr11_72094948_f_Mut_1",73.419757847158,0
"5P_1_7_chr11_72095442_72095443_NM_001145308.4(LRTOMT):c.34+347G|A_NR_134858.1_utr5_3_0_chr11_72095379_f_Mut_1",166.745170079805,0
"5P_1_7_chr11_72095442_72095443_NM_001145308.4(LRTOMT):c.34+347G|A_NR_134858.1_utr5_3_0_chr11_72095379_f_Ref_1",103.064402856701,0
"5P_1_7_chr11_72189645_72189646_NM_016725.2(FOLR1):c.-122C|G_NM_016725.2_utr5_0_0_chr11_72189558_f_Ref_1",12.3759124114389,0
"5P_1_7_chr11_75562142_75562143_NM_001235.3(SERPINH1):c.-211G|A_NM_001235.3_utr5_0_0_chr11_75562056_f_Mut_1",31.0425549527594,1
"5P_1_7_chr11_75562142_75562143_NM_001235.3(SERPINH1):c.-211G|A_NM_001235.3_utr5_0_0_chr11_75562056_f_Ref_1",135.37411163524,1
"5P_1_7_chr11_75562164_75562165_NM_001235.3(SERPINH1):c.-189G|A_NM_001235.3_utr5_0_0_chr11_75562056_f_Mut_1",53.7073112248114,1
"5P_1_7_chr11_75562164_75562165_NM_001235.3(SERPINH1):c.-189G|A_NM_001235.3_utr5_0_0_chr11_75562056_f_Ref_1",54.6742707383521,1
"5P_1_7_chr11_75562168_75562169_NM_001235.3(SERPINH1):c.-185T|C_NM_001235.3_utr5_0_0_chr11_75562056_f_Mut_1",51.7628225203724,1
"5P_1_7_chr11_75562168_75562169_NM_001235.3(SERPINH1):c.-185T|C_NM_001235.3_utr5_0_0_chr11_75562056_f_Ref_1",366.925263980706,1
"5P_1_7_chr11_77128324_77128325_NM_000260.3(MYO7A):c.-211A|G_NM_000260.3_utr5_0_0_chr11_77128264_f_Mut_1",32.9017377061006,0
"5P_1_7_chr11_77128324_77128325_NM_000260.3(MYO7A):c.-211A|G_NM_000260.3_utr5_0_0_chr11_77128264_f_Ref_1",31.9686856497437,0
"5P_1_7_chr11_77128339_77128340_NM_000260.3(MYO7A):c.-196C|T_NM_000260.3_utr5_0_0_chr11_77128264_f_Mut_1",17.3308010447553,1
"5P_1_7_chr11_77128339_77128340_NM_000260.3(MYO7A):c.-196C|T_NM_000260.3_utr5_0_0_chr11_77128264_f_Ref_1",78.7960764167386,1
"5P_1_7_chr11_77128365_77128366_NM_000260.3(MYO7A):c.-170C|T_NM_000260.3_utr5_0_0_chr11_77128264_f_Mut_1",42.3228973649792,1
"5P_1_7_chr11_77128365_77128366_NM_000260.3(MYO7A):c.-170C|T_NM_000260.3_utr5_0_0_chr11_77128264_f_Ref_1",30.3607984579805,1
"5P_1_7_chr11_77128375_77128376_NM_000260.3(MYO7A):c.-160G|A_NM_000260.3_utr5_0_0_chr11_77128264_f_Mut_1",35.0503675384611,1
"5P_1_7_chr11_77128375_77128376_NM_000260.3(MYO7A):c.-160G|A_NM_000260.3_utr5_0_0_chr11_77128264_f_Ref_1",129.25007932015,1
"5P_1_7_chr11_77128381_77128382_NM_000260.3(MYO7A):c.-154G|A_NM_000260.3_utr5_0_0_chr11_77128264_f_Mut_1",314.436572910143,1
"5P_1_7_chr11_77128381_77128382_NM_000260.3(MYO7A):c.-154G|A_NM_000260.3_utr5_0_0_chr11_77128264_f_Ref_1",68.745416575195,1
"5P_1_7_chr11_85647954_85647955_NM_032273.3(TMEM126A):c.-142C|T_NM_001244735.1_utr5_0_0_chr11_85647919_f_Mut_1",25.3472780044026,0
"5P_1_7_chr11_85647954_85647955_NM_032273.3(TMEM126A):c.-142C|T_NM_001244735.1_utr5_0_0_chr11_85647919_f_Ref_2",27.2928489530277,0
"5P_1_7_chr11_85647957_85647958_NM_032273.3(TMEM126A):c.-139C|T_NM_001244735.1_utr5_0_0_chr11_85647919_f_Mut_1",15.4472679066386,0
"5P_1_7_chr11_85648080_85648081_NM_032273.3(TMEM126A):c.-16G|C_NM_001244735.1_utr5_0_0_chr11_85647919_f_Ref_1",43.7109839488729,0
"5P_1_7_chr11_86950362_86950363_NM_012193.3(FZD4):c.*779G|A_NR_120591.1_utr5_3_0_chr11_86950356_f_Mut_1",30.0713283407152,1
"5P_1_7_chr11_86950362_86950363_NM_012193.3(FZD4):c.*779G|A_NR_120591.1_utr5_3_0_chr11_86950356_f_Ref_1",24.0161151872137,1
"5P_1_7_chr11_86950469_86950470_NM_012193.3(FZD4):c.*672C|T_NR_120591.1_utr5_3_0_chr11_86950356_f_Mut_1",23.2652880972965,1
"5P_1_7_chr11_86950469_86950470_NM_012193.3(FZD4):c.*672C|T_NR_120591.1_utr5_3_0_chr11_86950356_f_Ref_1",35.5330085319584,1
"5P_1_7_chr11_94493782_94493783_NM_005591.3(MRE11):c.-106+8C|T_ENST00000544612.5_utr5_0_0_chr11_94493629_f_Mut_1",40.8509861429434,0
"5P_1_7_chr11_94493782_94493783_NM_005591.3(MRE11):c.-106+8C|T_ENST00000544612.5_utr5_0_0_chr11_94493629_f_Ref_1",78.6212217037943,0
"5P_1_7_chr12_100357303_100357304_NM_139319.2(SLC17A8):c.-88A|C_NM_001145288.1_utr5_0_0_chr12_100357079_f_Mut_1",29.6632351330342,1
"5P_1_7_chr12_100357303_100357304_NM_139319.2(SLC17A8):c.-88A|C_NM_001145288.1_utr5_0_0_chr12_100357079_f_Ref_1",115.83259602523,1
"5P_1_7_chr12_100357359_100357360_NM_139319.2(SLC17A8):c.-32T|G_NM_001145288.1_utr5_0_0_chr12_100357079_f_Mut_1",43.6082945239244,1
"5P_1_7_chr12_100357359_100357360_NM_139319.2(SLC17A8):c.-32T|G_NM_001145288.1_utr5_0_0_chr12_100357079_f_Ref_1",78.878130675613,1
"5P_1_7_chr12_106357693_106357694_NM_018082.5(POLR3B):c.-186C|A_NM_018082.5_utr5_0_0_chr12_106357658_f_Mut_1",17.0597813728302,0
"5P_1_7_chr12_106357693_106357694_NM_018082.5(POLR3B):c.-186C|A_NM_018082.5_utr5_0_0_chr12_106357658_f_Ref_2",43.9124091490117,0
"5P_1_7_chr12_106357706_106357707_NM_018082.5(POLR3B):c.-173C|T_NM_018082.5_utr5_0_0_chr12_106357658_f_Mut_1",22.3242315062236,0
"5P_1_7_chr12_106357784_106357785_NM_018082.5(POLR3B):c.-95C|T_NM_018082.5_utr5_0_0_chr12_106357658_f_Mut_1",48.744637297846,1
"5P_1_7_chr12_106357784_106357785_NM_018082.5(POLR3B):c.-95C|T_NM_018082.5_utr5_0_0_chr12_106357658_f_Ref_1",35.0824621726858,1
"5P_1_7_chr12_106357840_106357841_NM_018082.5(POLR3B):c.-39G|T_NM_018082.5_utr5_0_0_chr12_106357658_f_Mut_1",22.8764786183151,1
"5P_1_7_chr12_106357840_106357841_NM_018082.5(POLR3B):c.-39G|T_NM_018082.5_utr5_0_0_chr12_106357658_f_Ref_3",41.6230149833352,1
"5P_1_7_chr12_106357842_106357843_NM_018082.5(POLR3B):c.-37G|T_NM_018082.5_utr5_0_0_chr12_106357658_f_Mut_1",18.4446949534356,1
"5P_1_7_chr12_106357878_106357879_NM_018082.5(POLR3B):c.-1C|T_NM_018082.5_utr5_0_0_chr12_106357658_f_Mut_1",55.7476104924979,1
"5P_1_7_chr12_110281307_110281308_NM_001681.3(ATP2A2):c.-482C|T_NM_001681.3_utr5_0_0_chr12_110281227_f_Mut_1",227.921359819772,0
"5P_1_7_chr12_110281313_110281314_NM_001681.3(ATP2A2):c.-476C|T_NM_001681.3_utr5_0_0_chr12_110281227_f_Ref_1",32.5017758930993,0
"5P_1_7_chr12_110281454_110281455_NM_001681.3(ATP2A2):c.-335C|A_NM_001681.3_utr5_0_0_chr12_110281227_f_Mut_1",28.0127049669514,0
"5P_1_7_chr12_110281478_110281479_NM_001681.3(ATP2A2):c.-311G|T_NM_001681.3_utr5_0_0_chr12_110281227_f_Ref_1",64.0980940662336,0
"5P_1_7_chr12_110281622_110281623_NM_001681.3(ATP2A2):c.-167C|T_NM_001681.3_utr5_0_0_chr12_110281227_f_Mut_1",22.3433594928072,0
"5P_1_7_chr12_110281622_110281623_NM_001681.3(ATP2A2):c.-167C|T_NM_001681.3_utr5_0_0_chr12_110281227_f_Ref_1",22.3565103308105,0
"5P_1_7_chr12_110614042_110614043_NM_001082538.2(TCTN1):c.-140A|G_NM_001319682.1_utr5_0_0_chr12_110614027_f_Mut_1",53.7376788429221,0
"5P_1_7_chr12_110614042_110614043_NM_001082538.2(TCTN1):c.-140A|G_NM_001319682.1_utr5_0_0_chr12_110614027_f_Ref_1",40.4636907106248,0
"5P_1_7_chr12_110614098_110614099_NM_001082538.2(TCTN1):c.-84T|C_NM_001319682.1_utr5_0_0_chr12_110614027_f_Mut_1",23.7294294250684,0
"5P_1_7_chr12_110614098_110614099_NM_001082538.2(TCTN1):c.-84T|C_NM_001319682.1_utr5_0_0_chr12_110614027_f_Ref_1",76.3575600171808,0
"5P_1_7_chr12_110614136_110614137_NM_001082538.2(TCTN1):c.-46G|C_NM_001319682.1_utr5_0_0_chr12_110614027_f_Mut_1",117.40729692481,0
"5P_1_7_chr12_112418824_112418825_NM_002834.4(PTPN11):c.-287G|C_NM_080601.1_utr5_0_0_chr12_112418732_f_Mut_1",311.950165481258,0
"5P_1_7_chr12_112418824_112418825_NM_002834.4(PTPN11):c.-287G|C_NM_080601.1_utr5_0_0_chr12_112418732_f_Ref_1",92.4476699833809,0
"5P_1_7_chr12_112418866_112418867_NM_002834.4(PTPN11):c.-245C|G_NM_080601.1_utr5_0_0_chr12_112418732_f_Mut_1",57.2473471768256,0
"5P_1_7_chr12_112418866_112418867_NM_002834.4(PTPN11):c.-245C|G_NM_080601.1_utr5_0_0_chr12_112418732_f_Ref_1",28.2291713741247,0
"5P_1_7_chr12_112418972_112418973_NM_002834.4(PTPN11):c.-139G|A_NM_080601.1_utr5_0_0_chr12_112418732_f_Mut_1",52.6817256000315,0
"5P_1_7_chr12_119178823_119178824_NM_014365.2(HSPB8):c.-489G|A_NM_014365.2_utr5_0_0_chr12_119178790_f_Mut_1",31.9134720491181,1
"5P_1_7_chr12_119178823_119178824_NM_014365.2(HSPB8):c.-489G|A_NM_014365.2_utr5_0_0_chr12_119178790_f_Ref_2",14.9601630675674,1
"5P_1_7_chr12_119178832_119178833_NM_014365.2(HSPB8):c.-480C|G_NM_014365.2_utr5_0_0_chr12_119178790_f_Mut_1",16.0969701973123,1
"5P_1_7_chr12_119178998_119178999_NM_014365.2(HSPB8):c.-314T|C_NM_014365.2_utr5_0_0_chr12_119178790_f_Mut_1",61.2651207561298,1
"5P_1_7_chr12_119178998_119178999_NM_014365.2(HSPB8):c.-314T|C_NM_014365.2_utr5_0_0_chr12_119178790_f_Ref_1",33.2391055683402,1
"5P_1_7_chr12_119179111_119179112_NM_014365.2(HSPB8):c.-201G|T_NM_014365.2_utr5_0_0_chr12_119178790_f_Mut_1",23.8820170917509,0
"5P_1_7_chr12_119179111_119179112_NM_014365.2(HSPB8):c.-201G|T_NM_014365.2_utr5_0_0_chr12_119178790_f_Ref_1",38.4977750963445,0
"5P_1_7_chr12_119179140_119179141_NM_014365.2(HSPB8):c.-172G|C_NM_014365.2_utr5_0_0_chr12_119178790_f_Mut_1",140.770386733476,0
"5P_1_7_chr12_119179140_119179141_NM_014365.2(HSPB8):c.-172G|C_NM_014365.2_utr5_0_0_chr12_119178790_f_Ref_1",33.5762897279212,0
"5P_1_7_chr12_120725829_120725830_NM_000017.3(ACADS):c.-56C|G_NM_001302554.1_utr5_0_0_chr12_120725738_f_Mut_1",18.4653674920003,0
"5P_1_7_chr12_120725829_120725830_NM_000017.3(ACADS):c.-56C|G_NM_001302554.1_utr5_0_0_chr12_120725738_f_Ref_2",30.2545215380514,0
"5P_1_7_chr12_120725829_120725830_NM_000017.3(ACADS):c.-56C|T_NM_001302554.1_utr5_0_0_chr12_120725738_f_Mut_1",117.278205199739,0
"5P_1_7_chr12_120978608_120978615_NM_000545.6(HNF1A):c.-160_-154dupTGGGGGT_NM_000545.6_utr5_0_0_chr12_120978568_f_Mut_1",59.0950074994987,1
"5P_1_7_chr12_120978608_120978615_NM_000545.6(HNF1A):c.-160_-154dupTGGGGGT_NM_000545.6_utr5_0_0_chr12_120978568_f_Ref_1",47.0868389770538,1
"5P_1_7_chr12_120978762_120978763_NM_000545.6(HNF1A):c.-6C|T_NM_000545.6_utr5_0_0_chr12_120978568_f_Ref_2",139.393392040151,1
"5P_1_7_chr12_120978763_120978764_NM_000545.6(HNF1A):c.-5G|A_NM_000545.6_utr5_0_0_chr12_120978568_f_Mut_1",68.8822314958235,1
"5P_1_7_chr12_123233353_123233354_NM_152269.4(C12orf65):c.-206G|T_NM_152269.4_utr5_0_0_chr12_123233297_f_Mut_1",33.7368905846774,0
"5P_1_7_chr12_123233353_123233354_NM_152269.4(C12orf65):c.-206G|T_NM_152269.4_utr5_0_0_chr12_123233297_f_Ref_1",102.056949072926,0
"5P_1_7_chr12_123233431_123233432_NM_152269.4(C12orf65):c.-128C|T_NM_152269.4_utr5_0_0_chr12_123233297_f_Mut_1",22.4237899565677,0
"5P_1_7_chr12_123233431_123233432_NM_152269.4(C12orf65):c.-128C|T_NM_152269.4_utr5_0_0_chr12_123233297_f_Ref_1",17.9437583764801,0
"5P_1_7_chr12_123633739_123633740_NM_001414.3(EIF2B1):c.-183C|G_NM_001271867.1_utr5_0_0_chr12_123633739_f_Mut_1",41.7388241659564,0
"5P_1_7_chr12_123633739_123633740_NM_001414.3(EIF2B1):c.-183C|G_NM_001271867.1_utr5_0_0_chr12_123633739_f_Ref_3",58.8279775336846,0
"5P_1_7_chr12_123633749_123633750_NM_001414.3(EIF2B1):c.-193G|T_NM_001271867.1_utr5_0_0_chr12_123633739_f_Mut_1",98.2673372121994,0
"5P_1_7_chr12_123633764_123633765_NM_001414.3(EIF2B1):c.-208G|A_NM_001271867.1_utr5_0_0_chr12_123633739_f_Mut_1",56.1238118455335,0
"5P_1_7_chr12_123671185_123671186_NM_024809.4(TCTN2):c.-55C|A_NM_001143850.2_utr5_0_0_chr12_123671113_f_Mut_1",49.3708691432607,0
"5P_1_7_chr12_123671225_123671226_NM_024809.4(TCTN2):c.-15C|T_NM_001143850.2_utr5_0_0_chr12_123671113_f_Mut_1",54.0513922493756,0
"5P_1_7_chr12_123712322_123712323_NM_012463.3(ATP6V0A2):c.-243C|A_NM_012463.3_utr5_0_0_chr12_123712318_f_Mut_1",41.4775569395273,0
"5P_1_7_chr12_123712322_123712323_NM_012463.3(ATP6V0A2):c.-243C|A_NM_012463.3_utr5_0_0_chr12_123712318_f_Ref_1",60.580404927148,0
"5P_1_7_chr12_123712417_123712418_NM_012463.3(ATP6V0A2):c.-148C|T_NM_012463.3_utr5_0_0_chr12_123712318_f_Mut_1",40.1558477736332,0
"5P_1_7_chr12_123712417_123712418_NM_012463.3(ATP6V0A2):c.-148C|T_NM_012463.3_utr5_0_0_chr12_123712318_f_Ref_1",228.862660199844,0
"5P_1_7_chr12_123712448_123712449_NM_012463.3(ATP6V0A2):c.-117C|T_NM_012463.3_utr5_0_0_chr12_123712318_f_Mut_1",27.2391615151505,0
"5P_1_7_chr12_12717368_12717369_NM_004064.4(CDKN1B):c.-471T|G_NM_004064.4_utr5_0_0_chr12_12717270_f_Mut_1",65.5835244767485,1
"5P_1_7_chr12_12717368_12717369_NM_004064.4(CDKN1B):c.-471T|G_NM_004064.4_utr5_0_0_chr12_12717270_f_Ref_1",60.4568970895017,1
"5P_1_7_chr12_12717453_12717454_NM_004064.4(CDKN1B):c.-386C|T_NM_004064.4_utr5_0_0_chr12_12717270_f_Mut_1",35.8774015007989,1
"5P_1_7_chr12_12717453_12717454_NM_004064.4(CDKN1B):c.-386C|T_NM_004064.4_utr5_0_0_chr12_12717270_f_Ref_1",56.0747280606444,1
"5P_1_7_chr12_12717468_12717469_NM_004064.4(CDKN1B):c.-371C|T_NM_004064.4_utr5_0_0_chr12_12717270_f_Mut_1",178.530863524053,1
"5P_1_7_chr12_12717468_12717469_NM_004064.4(CDKN1B):c.-371C|T_NM_004064.4_utr5_0_0_chr12_12717270_f_Ref_1",58.7054007203402,1
"5P_1_7_chr12_12717473_12717474_NM_004064.4(CDKN1B):c.-366C|T_NM_004064.4_utr5_0_0_chr12_12717270_f_Mut_1",52.0166916027672,1
"5P_1_7_chr12_12717473_12717474_NM_004064.4(CDKN1B):c.-366C|T_NM_004064.4_utr5_0_0_chr12_12717270_f_Ref_1",148.793138128509,1
"5P_1_7_chr12_12717503_12717504_NM_004064.4(CDKN1B):c.-336A|G_NM_004064.4_utr5_0_0_chr12_12717270_f_Mut_1",66.4359463567304,1
"5P_1_7_chr12_12717503_12717504_NM_004064.4(CDKN1B):c.-336A|G_NM_004064.4_utr5_0_0_chr12_12717270_f_Ref_1",28.5868212105848,1
"5P_1_7_chr12_12717568_12717569_NM_004064.4(CDKN1B):c.-271delC_NM_004064.4_utr5_0_0_chr12_12717270_f_Mut_1",35.4986938784792,0
"5P_1_7_chr12_12717568_12717569_NM_004064.4(CDKN1B):c.-271delC_NM_004064.4_utr5_0_0_chr12_12717270_f_Ref_1",10.0800353254617,0
"5P_1_7_chr12_131929269_131929270_NM_025215.5(PUS1):c.-453C|T_NM_025215.5_utr5_0_0_chr12_131929268_f_Mut_1",11.958820801324,0
"5P_1_7_chr12_131929269_131929270_NM_025215.5(PUS1):c.-453C|T_NM_025215.5_utr5_0_0_chr12_131929268_f_Ref_1",106.865866602946,0
"5P_1_7_chr12_131929435_131929436_NM_025215.5(PUS1):c.-287G|C_NM_025215.5_utr5_0_0_chr12_131929268_f_Mut_1",37.128910624599,0
"5P_1_7_chr12_131929456_131929457_NM_025215.5(PUS1):c.-266G|C_NM_025215.5_utr5_0_0_chr12_131929268_f_Mut_1",22.9289196381477,0
"5P_1_7_chr12_131929456_131929457_NM_025215.5(PUS1):c.-266G|C_NM_025215.5_utr5_0_0_chr12_131929268_f_Ref_1",20.497115435125,0
"5P_1_7_chr12_131929476_131929477_NM_025215.5(PUS1):c.-246G|A_NM_025215.5_utr5_0_0_chr12_131929268_f_Mut_1",131.55451117109,0
"5P_1_7_chr12_131929478_131929479_NM_025215.5(PUS1):c.-244G|C_NM_025215.5_utr5_0_0_chr12_131929268_f_Mut_1",29.1924569793157,0
"5P_1_7_chr12_131929478_131929479_NM_025215.5(PUS1):c.-244G|C_NM_025215.5_utr5_0_0_chr12_131929268_f_Ref_1",25.9938297336254,0
"5P_1_7_chr12_2053329_2053330_NM_000719.6(CACNA1C):c.-233C|T_NM_001129844.1_utr5_0_0_chr12_2053250_f_Mut_1",379.44791107675,1
"5P_1_7_chr12_2053348_2053349_NM_000719.6(CACNA1C):c.-214A|G_NM_001129844.1_utr5_0_0_chr12_2053250_f_Mut_1",126.078396956056,1
"5P_1_7_chr12_32502136_32502137_NM_139241.3(FGD4):c.-447T|C_NM_001304483.1_utr5_0_0_chr12_32502043_f_Mut_1",85.2443310343894,0
"5P_1_7_chr12_32502136_32502137_NM_139241.3(FGD4):c.-447T|C_NM_001304483.1_utr5_0_0_chr12_32502043_f_Ref_1",21.6489192427047,0
"5P_1_7_chr12_32502162_32502163_NM_139241.3(FGD4):c.-421A|C_NM_001304483.1_utr5_0_0_chr12_32502043_f_Mut_1",36.3749816366242,0
"5P_1_7_chr12_32502162_32502163_NM_139241.3(FGD4):c.-421A|C_NM_001304483.1_utr5_0_0_chr12_32502043_f_Ref_1",123.425286096745,0
"5P_1_7_chr12_32502213_32502214_NM_139241.3(FGD4):c.-370G|A_NM_001304483.1_utr5_0_0_chr12_32502043_f_Mut_1",90.5005047197374,0
"5P_1_7_chr12_32502213_32502214_NM_139241.3(FGD4):c.-370G|A_NM_001304483.1_utr5_0_0_chr12_32502043_f_Ref_1",35.8601963578824,0
"5P_1_7_chr12_32502294_32502295_NM_139241.3(FGD4):c.-289A|G_NM_001304483.1_utr5_0_0_chr12_32502043_f_Mut_1",46.7743046888504,1
"5P_1_7_chr12_32502294_32502295_NM_139241.3(FGD4):c.-289A|G_NM_001304483.1_utr5_0_0_chr12_32502043_f_Ref_1",25.5333248225204,1
"5P_1_7_chr12_32679313_32679314_NM_012062.4(DNM1L):c.-50C|A_NM_001278466.1_utr5_0_0_chr12_32679200_f_Ref_1",90.3098993375049,0
"5P_1_7_chr12_32679347_32679348_NM_012062.4(DNM1L):c.-16C|T_NM_001278466.1_utr5_0_0_chr12_32679200_f_Mut_1",46.8834325329677,0
"5P_1_7_chr12_32679347_32679348_NM_012062.4(DNM1L):c.-16C|T_NM_001278466.1_utr5_0_0_chr12_32679200_f_Ref_1",40.0679958029052,0
"5P_1_7_chr12_40225087_40225088_NM_198578.3(LRRK2):c.-44G|A_NM_198578.3_utr5_0_0_chr12_40225011_f_Mut_1",369.770189032565,0
"5P_1_7_chr12_48119237_48119238_NM_000289.5(PFKM):c.-177G|C_NM_000289.5_utr5_0_0_chr12_48119230_f_Mut_1",134.873959382009,0
"5P_1_7_chr12_48119237_48119238_NM_000289.5(PFKM):c.-177G|C_NM_000289.5_utr5_0_0_chr12_48119230_f_Ref_3",69.9859919168913,0
"5P_1_7_chr12_48119238_48119239_NM_000289.5(PFKM):c.-176C|T_NM_000289.5_utr5_0_0_chr12_48119230_f_Mut_1",51.7628030221392,0
"5P_1_7_chr12_48119240_48119241_NM_000289.5(PFKM):c.-174G|A_NM_000289.5_utr5_0_0_chr12_48119230_f_Mut_1",190.956271612669,0
"5P_1_7_chr12_4909971_4909972_NM_000217.2(KCNA1):c.-1040G|T_NM_000217.2_utr5_0_0_chr12_4909907_f_Mut_1",58.0695957759497,0
"5P_1_7_chr12_4909971_4909972_NM_000217.2(KCNA1):c.-1040G|T_NM_000217.2_utr5_0_0_chr12_4909907_f_Ref_1",58.1266460850089,0
"5P_1_7_chr12_4909977_4909978_NM_000217.2(KCNA1):c.-1034C|T_NM_000217.2_utr5_0_0_chr12_4909907_f_Mut_1",36.9853878299451,0
"5P_1_7_chr12_4909977_4909978_NM_000217.2(KCNA1):c.-1034C|T_NM_000217.2_utr5_0_0_chr12_4909907_f_Ref_1",24.5893574511595,0
"5P_1_7_chr12_4910043_4910044_NM_000217.2(KCNA1):c.-968C|T_NM_000217.2_utr5_0_0_chr12_4909907_f_Mut_1",51.3999829318198,0
"5P_1_7_chr12_4910043_4910044_NM_000217.2(KCNA1):c.-968C|T_NM_000217.2_utr5_0_0_chr12_4909907_f_Ref_1",32.2908815845144,0
"5P_1_7_chr12_4910327_4910328_NM_000217.2(KCNA1):c.-684G|T_NM_000217.2_utr5_0_0_chr12_4909907_f_Ref_1",45.857917037162,1
"5P_1_7_chr12_4910375_4910376_NM_000217.2(KCNA1):c.-636G|C_NM_000217.2_utr5_0_0_chr12_4909907_f_Mut_1",73.2193578885517,1
"5P_1_7_chr12_4910375_4910376_NM_000217.2(KCNA1):c.-636G|C_NM_000217.2_utr5_0_0_chr12_4909907_f_Ref_1",23.7990460975978,1
"5P_1_7_chr12_4910891_4910892_NM_000217.2(KCNA1):c.-487A|G_NM_000217.2_utr5_1_0_chr12_4910840_f_Ref_2",105.731931342411,0
"5P_1_7_chr12_4910896_4910897_NM_000217.2(KCNA1):c.-482G|C_NM_000217.2_utr5_1_0_chr12_4910840_f_Mut_1",30.9505141561596,0
"5P_1_7_chr12_4911087_4911090_NM_000217.2(KCNA1):c.-291_-289delACA_NM_000217.2_utr5_1_0_chr12_4910840_f_Mut_1",66.2636122335185,0
"5P_1_7_chr12_4911148_4911149_NM_000217.2(KCNA1):c.-230C|G_NM_000217.2_utr5_1_0_chr12_4910840_f_Mut_1",35.9536784000204,0
"5P_1_7_chr12_4911148_4911149_NM_000217.2(KCNA1):c.-230C|G_NM_000217.2_utr5_1_0_chr12_4910840_f_Ref_1",53.8737583863895,0
"5P_1_7_chr12_51907498_51907499_NM_000020.2(ACVRL1):c.-202C|G_NM_000020.2_utr5_0_0_chr12_51907418_f_Mut_1",59.2278505445593,1
"5P_1_7_chr12_51907498_51907499_NM_000020.2(ACVRL1):c.-202C|G_NM_000020.2_utr5_0_0_chr12_51907418_f_Ref_1",22.8228186766887,1
"5P_1_7_chr12_51907506_51907507_NM_000020.2(ACVRL1):c.-194A|C_NM_000020.2_utr5_0_0_chr12_51907418_f_Mut_1",47.2307490673501,1
"5P_1_7_chr12_51907506_51907507_NM_000020.2(ACVRL1):c.-194A|C_NM_000020.2_utr5_0_0_chr12_51907418_f_Ref_1",107.604310459016,1
"5P_1_7_chr12_51912470_51912471_NM_000020.2(ACVRL1):c.-4G|T_NM_001077401.1_utr5_0_0_chr12_51912329_f_Mut_1",34.0715077894612,0
"5P_1_7_chr12_51912470_51912471_NM_000020.2(ACVRL1):c.-4G|T_NM_001077401.1_utr5_0_0_chr12_51912329_f_Ref_1",37.7015280597238,0
"5P_1_7_chr12_52949158_52949159_NM_000224.2(KRT18):c.-15C|T_NM_000224.2_utr5_0_0_chr12_52949059_f_Mut_1",40.6834744590023,1
"5P_1_7_chr12_52949158_52949159_NM_000224.2(KRT18):c.-15C|T_NM_000224.2_utr5_0_0_chr12_52949059_f_Ref_1",19.8536317451506,0
"5P_1_7_chr12_55720397_55720398_NM_002905.3(RDH5):c.-152G|A_NM_002905.3_utr5_0_0_chr12_55720367_f_Mut_1",18.3824617810743,0
"5P_1_7_chr12_55720397_55720398_NM_002905.3(RDH5):c.-152G|A_NM_002905.3_utr5_0_0_chr12_55720367_f_Ref_1",55.8367272331834,0
"5P_1_7_chr12_55720426_55720427_NM_002905.3(RDH5):c.-123G|A_NM_002905.3_utr5_0_0_chr12_55720367_f_Mut_1",249.889138660226,0
"5P_1_7_chr12_55720426_55720427_NM_002905.3(RDH5):c.-123G|A_NM_002905.3_utr5_0_0_chr12_55720367_f_Ref_1",86.4178765864349,0
"5P_1_7_chr12_55720429_55720430_NM_002905.3(RDH5):c.-120G|A_NM_002905.3_utr5_0_0_chr12_55720367_f_Mut_1",41.9153410219881,0
"5P_1_7_chr12_55720429_55720430_NM_002905.3(RDH5):c.-120G|A_NM_002905.3_utr5_0_0_chr12_55720367_f_Ref_1",15.0640425056643,0
"5P_1_7_chr12_55724556_55724557_NM_002905.3(RDH5):c.*12C|A_NR_037658.1_utr5_5_0_chr12_55724322_f_Mut_1",22.4483721052503,1
"5P_1_7_chr12_55724556_55724557_NM_002905.3(RDH5):c.*12C|A_NR_037658.1_utr5_5_0_chr12_55724322_f_Ref_1",32.9132518659559,1
"5P_1_7_chr12_55724692_55724693_NM_002905.3(RDH5):c.*148G|T_NR_037658.1_utr5_5_0_chr12_55724322_f_Mut_1",53.3193986194846,1
"5P_1_7_chr12_55724692_55724693_NM_002905.3(RDH5):c.*148G|T_NR_037658.1_utr5_5_0_chr12_55724322_f_Ref_1",22.3614327409334,1
"5P_1_7_chr12_55997648_55997649_NM_000456.2(SUOX):c.-211G|A_NM_001032386.1_utr5_1_0_chr12_55997615_f_Mut_1",95.3546708141387,0
"5P_1_7_chr12_55997648_55997649_NM_000456.2(SUOX):c.-211G|A_NM_001032386.1_utr5_1_0_chr12_55997615_f_Ref_3",48.5014334540105,0
"5P_1_7_chr12_55997675_55997676_NM_000456.2(SUOX):c.-184C|A_NM_001032386.1_utr5_1_0_chr12_55997615_f_Mut_1",89.5285882380858,0
"5P_1_7_chr12_55997708_55997709_NM_000456.2(SUOX):c.-151G|C_NM_001032386.1_utr5_1_0_chr12_55997615_f_Mut_1",51.9304233873343,0
"5P_1_7_chr12_55999335_55999336_NM_000456.2(SUOX):c.-133C|T_NM_000456.2_utr5_2_0_chr12_55999333_f_Mut_1",87.4210235549735,0
"5P_1_7_chr12_55999335_55999336_NM_000456.2(SUOX):c.-133C|T_NM_000456.2_utr5_2_0_chr12_55999333_f_Ref_1",453.299658375195,0
"5P_1_7_chr12_55999394_55999395_NM_000456.2(SUOX):c.-74T|A_NM_000456.2_utr5_2_0_chr12_55999333_f_Mut_1",48.9280852176989,0
"5P_1_7_chr12_55999394_55999395_NM_000456.2(SUOX):c.-74T|A_NM_000456.2_utr5_2_0_chr12_55999333_f_Ref_1",25.4952897840602,0
"5P_1_7_chr12_55999445_55999446_NM_000456.2(SUOX):c.-23G|A_NM_000456.2_utr5_2_0_chr12_55999333_f_Mut_1",185.086700066099,0
"5P_1_7_chr12_55999445_55999446_NM_000456.2(SUOX):c.-23G|A_NM_000456.2_utr5_2_0_chr12_55999333_f_Ref_1",58.7328924484576,0
"5P_1_7_chr12_56042017_56042018_NM_001029.4(RPS26):c.-149G|T_NM_001029.3_utr5_0_0_chr12_56041902_f_Mut_1",33.466743819859,1
"5P_1_7_chr12_56042017_56042018_NM_001029.4(RPS26):c.-149G|T_NM_001029.3_utr5_0_0_chr12_56041902_f_Ref_1",30.7740850100859,1
"5P_1_7_chr12_56042086_56042087_NM_001029.4(RPS26):c.-80C|T_NM_001029.3_utr5_0_0_chr12_56041902_f_Mut_1",129.962540278067,0
"5P_1_7_chr12_56042086_56042087_NM_001029.4(RPS26):c.-80C|T_NM_001029.3_utr5_0_0_chr12_56041902_f_Ref_1",27.6148547537948,0
"5P_1_7_chr12_56042133_56042134_NM_001029.4(RPS26):c.-33C|T_NM_001029.3_utr5_0_0_chr12_56041902_f_Mut_1",11.0001229178436,0
"5P_1_7_chr12_56042133_56042134_NM_001029.4(RPS26):c.-33C|T_NM_001029.3_utr5_0_0_chr12_56041902_f_Ref_1",67.717770622662,0
"5P_1_7_chr12_57488072_57488073_NM_004990.3(MARS):c.-18C|T_NM_004990.3_utr5_0_0_chr12_57487953_f_Mut_1",79.9327459091644,0
"5P_1_7_chr12_57550078_57550079_NM_004984.2(KIF5A):c.-193G|A_NM_004984.2_utr5_0_0_chr12_57550064_f_Mut_1",18.4756512572716,0
"5P_1_7_chr12_57550078_57550079_NM_004984.2(KIF5A):c.-193G|A_NM_004984.2_utr5_0_0_chr12_57550064_f_Ref_1",31.3795265959843,0
"5P_1_7_chr12_6944116_6944117_NM_138425.3(C12orf57):c.-5G|A_NM_001301838.1_utr5_0_0_chr12_6943817_f_Mut_1",104.745559292339,1
"5P_1_7_chr12_6944116_6944117_NM_138425.3(C12orf57):c.-5G|A_NM_001301838.1_utr5_0_0_chr12_6943817_f_Ref_3",81.7558475839489,1
"5P_1_7_chr12_6944472_6944473_NM_138425.3(C12orf57):c.53-3C|T_NM_001301838.1_utr5_1_0_chr12_6944380_f_Mut_1",198.623297041755,0
"5P_1_7_chr12_7189697_7189698_NM_001131025.1(PEX5):c.-535C|T_NM_001131025.1_utr5_0_0_chr12_7189686_f_Ref_4",30.5452280174764,0
"5P_1_7_chr12_7189711_7189712_NM_001131025.1(PEX5):c.-521C|G_NM_001131025.1_utr5_0_0_chr12_7189686_f_Mut_1",240.116287068371,0
"5P_1_7_chr12_7189713_7189714_NM_001131025.1(PEX5):c.-519T|C_NM_001131025.1_utr5_0_0_chr12_7189686_f_Mut_1",31.8463574380401,0
"5P_1_7_chr12_7189934_7189935_NM_001131025.1(PEX5):c.-298T|C_NM_001131025.1_utr5_0_0_chr12_7189686_f_Ref_1",46.1748480623901,0
"5P_1_7_chr12_7189989_7189990_NM_001131025.1(PEX5):c.-243G|A_NM_001131025.1_utr5_0_0_chr12_7189686_f_Ref_1",117.626441743015,0
"5P_1_7_chr12_7190022_7190023_NM_001131025.1(PEX5):c.-210G|T_NM_001131025.1_utr5_0_0_chr12_7189686_f_Mut_1",109.667112921381,0
"5P_1_7_chr12_7190022_7190023_NM_001131025.1(PEX5):c.-210G|T_NM_001131025.1_utr5_0_0_chr12_7189686_f_Ref_1",235.12075077747,0
"5P_1_7_chr12_7190087_7190088_NM_001131025.1(PEX5):c.-145G|A_NM_001131025.1_utr5_0_0_chr12_7189686_f_Mut_1",42.8613103348654,0
"5P_1_7_chr12_7190087_7190088_NM_001131025.1(PEX5):c.-145G|A_NM_001131025.1_utr5_0_0_chr12_7189686_f_Ref_1",33.1405473208865,0
"5P_1_7_chr12_71938898_71938899_NM_173353.3(TPH2):c.-88G|T_NM_173353.3_utr5_0_0_chr12_71938846_f_Mut_1",45.1650368082823,0
"5P_1_7_chr12_71938898_71938899_NM_173353.3(TPH2):c.-88G|T_NM_173353.3_utr5_0_0_chr12_71938846_f_Ref_1",17.4362407863881,0
"5P_1_7_chr12_71938904_71938905_NM_173353.3(TPH2):c.-82C|T_NM_173353.3_utr5_0_0_chr12_71938846_f_Mut_1",86.4601567077817,0
"5P_1_7_chr12_71938904_71938905_NM_173353.3(TPH2):c.-82C|T_NM_173353.3_utr5_0_0_chr12_71938846_f_Ref_1",14.0085948272415,0
"5P_1_7_chr12_71938952_71938953_NM_173353.3(TPH2):c.-34C|G_NM_173353.3_utr5_0_0_chr12_71938846_f_Mut_1",225.317154422165,0
"5P_1_7_chr12_753305_753306_NM_018979.3(WNK1):c.-260G|T_NM_014823.2_utr5_0_0_chr12_752923_f_Mut_1",100.32839117459,0
"5P_1_7_chr12_98515612_98515613_NM_003276.2(TMPO):c.-255C|A_NM_003276.2_utr5_0_0_chr12_98515573_f_Ref_1",31.8562096584563,0
"5P_1_7_chr12_98515633_98515634_NM_003276.2(TMPO):c.-234T|C_NM_003276.2_utr5_0_0_chr12_98515573_f_Mut_1",65.6037425993158,0
"5P_1_7_chr12_98515633_98515634_NM_003276.2(TMPO):c.-234T|C_NM_003276.2_utr5_0_0_chr12_98515573_f_Ref_1",68.7527408784414,0
"5P_1_7_chr12_98515741_98515742_NM_003276.2(TMPO):c.-126A|T_NM_003276.2_utr5_0_0_chr12_98515573_f_Mut_1",77.2267940726472,1
"5P_1_7_chr12_98515741_98515742_NM_003276.2(TMPO):c.-126A|T_NM_003276.2_utr5_0_0_chr12_98515573_f_Ref_1",66.1240969805297,1
"5P_1_7_chr12_98515799_98515800_NM_003276.2(TMPO):c.-68G|A_NM_003276.2_utr5_0_0_chr12_98515573_f_Mut_1",36.0751387264625,0
"5P_1_7_chr12_98515799_98515800_NM_003276.2(TMPO):c.-68G|A_NM_003276.2_utr5_0_0_chr12_98515573_f_Ref_1",56.5161282020927,0
"5P_1_7_chr12_98515815_98515816_NM_003276.2(TMPO):c.-52C|T_NM_003276.2_utr5_0_0_chr12_98515573_f_Mut_1",33.2024613706614,0
"5P_1_7_chr12_98593624_98593625_NM_005888.3(SLC25A3):c.-120G|C_NM_213611.2_utr5_0_0_chr12_98593625_f_Mut_1",92.8169035987986,0
"5P_1_7_chr12_98593624_98593625_NM_005888.3(SLC25A3):c.-120G|C_NM_213611.2_utr5_0_0_chr12_98593625_f_Ref_3",46.4504968719212,0
"5P_1_7_chr12_98593652_98593653_NM_005888.3(SLC25A3):c.-92G|A_NM_213611.2_utr5_0_0_chr12_98593625_f_Mut_1",45.0443410732634,0
"5P_1_7_chr12_98593670_98593671_NM_005888.3(SLC25A3):c.-74C|T_NM_213611.2_utr5_0_0_chr12_98593625_f_Mut_1",55.0555321103027,0
"5P_1_7_chr12_98593683_98593684_NM_005888.3(SLC25A3):c.-61G|T_NM_213611.2_utr5_0_0_chr12_98593625_f_Mut_1",13.3657700691613,0
"5P_1_7_chr12_98593967_98593968_NM_005888.3(SLC25A3):c.-4-7C|T_NM_213611.2_utr5_0_0_chr12_98593625_f_Mut_1",34.996841359025,0
"5P_1_7_chr12_98593967_98593968_NM_005888.3(SLC25A3):c.-4-7C|T_NM_213611.2_utr5_0_0_chr12_98593625_f_Ref_1",34.8476417793279,0
"5P_1_7_chr13_100089060_100089061_NM_000282.3(PCCA):c.-60C|T_NM_001127692.2_utr5_0_0_chr13_100089015_f_Mut_1",455.997725963642,0
"5P_1_7_chr13_100089060_100089061_NM_000282.3(PCCA):c.-60C|T_NM_001127692.2_utr5_0_0_chr13_100089015_f_Ref_2",109.937862310571,0
"5P_1_7_chr13_100089115_100089116_NM_000282.3(PCCA):c.-5C|T_NM_001127692.2_utr5_0_0_chr13_100089015_f_Mut_1",76.4635343001051,0
"5P_1_7_chr13_102846025_102846026_NM_000123.3(ERCC5):c.-241G|C_NM_000123.3_utr5_0_0_chr13_102845841_f_Mut_1",75.9072335028472,0
"5P_1_7_chr13_102846025_102846026_NM_000123.3(ERCC5):c.-241G|C_NM_000123.3_utr5_0_0_chr13_102845841_f_Ref_1",61.8241247108034,0
"5P_1_7_chr13_102846066_102846067_NM_000123.3(ERCC5):c.-200G|C_NM_000123.3_utr5_0_0_chr13_102845841_f_Mut_1",31.9399367510105,0
"5P_1_7_chr13_102846066_102846067_NM_000123.3(ERCC5):c.-200G|C_NM_000123.3_utr5_0_0_chr13_102845841_f_Ref_1",56.4518272142975,0
"5P_1_7_chr13_102846110_102846111_NM_000123.3(ERCC5):c.-156C|A_NM_000123.3_utr5_0_0_chr13_102845841_f_Mut_1",37.6112230971507,1
"5P_1_7_chr13_102846110_102846111_NM_000123.3(ERCC5):c.-156C|A_NM_000123.3_utr5_0_0_chr13_102845841_f_Ref_1",31.843641972956,1
"5P_1_7_chr13_102846140_102846141_NM_000123.3(ERCC5):c.-126A|G_NM_000123.3_utr5_0_0_chr13_102845841_f_Mut_1",81.9075441893042,1
"5P_1_7_chr13_102846140_102846141_NM_000123.3(ERCC5):c.-126A|G_NM_000123.3_utr5_0_0_chr13_102845841_f_Ref_1",53.5010130060373,1
"5P_1_7_chr13_102846265_102846266_NM_000123.3(ERCC5):c.-1C|G_NM_000123.3_utr5_0_0_chr13_102845841_f_Ref_2",43.2393392641037,0
"5P_1_7_chr13_102846265_102846266_NM_000123.3(ERCC5):c.-1C|T_NM_000123.3_utr5_0_0_chr13_102845841_f_Mut_1",52.6620825543518,0
"5P_1_7_chr13_113119078_113119079_NM_000131.4(F7):c.*71T|A_NR_051961.1_utr5_6_0_chr13_113118413_f_Mut_1",14.8380310929604,0
"5P_1_7_chr13_113119078_113119079_NM_000131.4(F7):c.*71T|A_NR_051961.1_utr5_6_0_chr13_113118413_f_Ref_1",23.4003008369958,0
"5P_1_7_chr13_113119291_113119292_NM_000131.4(F7):c.*284C|T_NR_051961.1_utr5_6_0_chr13_113118413_f_Mut_1",24.9923997830378,0
"5P_1_7_chr13_113119291_113119292_NM_000131.4(F7):c.*284C|T_NR_051961.1_utr5_6_0_chr13_113118413_f_Ref_1",13.9544526438469,0
"5P_1_7_chr13_113119292_113119293_NM_000131.4(F7):c.*285G|A_NR_051961.1_utr5_6_0_chr13_113118413_f_Mut_1",24.4162939423726,0
"5P_1_7_chr13_113119292_113119293_NM_000131.4(F7):c.*285G|A_NR_051961.1_utr5_6_0_chr13_113118413_f_Ref_1",77.5238290186699,0
"5P_1_7_chr13_113119301_113119302_NM_000131.4(F7):c.*294A|C_NR_051961.1_utr5_6_0_chr13_113118413_f_Mut_1",166.013206905655,0
"5P_1_7_chr13_113119301_113119302_NM_000131.4(F7):c.*294A|C_NR_051961.1_utr5_6_0_chr13_113118413_f_Ref_1",78.7670425077343,0
"5P_1_7_chr13_113119347_113119348_NM_000131.4(F7):c.*340T|C_NR_051961.1_utr5_6_0_chr13_113118413_f_Mut_1",64.3099089658474,0
"5P_1_7_chr13_113119347_113119348_NM_000131.4(F7):c.*340T|C_NR_051961.1_utr5_6_0_chr13_113118413_f_Ref_1",41.8937545845717,0
"5P_1_7_chr13_113119417_113119418_NM_000131.4(F7):c.*410C|T_NR_051961.1_utr5_6_0_chr13_113118413_f_Mut_1",14.6461979560748,0
"5P_1_7_chr13_113119417_113119418_NM_000131.4(F7):c.*410C|T_NR_051961.1_utr5_6_0_chr13_113118413_f_Ref_1",32.7199289821231,0
"5P_1_7_chr13_113119432_113119433_NM_000131.4(F7):c.*425C|T_NR_051961.1_utr5_6_0_chr13_113118413_f_Mut_1",43.3471709503685,0
"5P_1_7_chr13_113119432_113119433_NM_000131.4(F7):c.*425C|T_NR_051961.1_utr5_6_0_chr13_113118413_f_Ref_1",39.1625391345846,0
"5P_1_7_chr13_113119506_113119507_NM_000131.4(F7):c.*499G|A_NR_051961.1_utr5_6_0_chr13_113118413_f_Mut_1",38.1271898501612,0
"5P_1_7_chr13_113119506_113119507_NM_000131.4(F7):c.*499G|A_NR_051961.1_utr5_6_0_chr13_113118413_f_Ref_1",151.612541966231,0
"5P_1_7_chr13_113119550_113119551_NM_000131.4(F7):c.*543A|G_NR_051961.1_utr5_6_0_chr13_113118413_f_Mut_1",12.8811698071285,0
"5P_1_7_chr13_113119550_113119551_NM_000131.4(F7):c.*543A|G_NR_051961.1_utr5_6_0_chr13_113118413_f_Ref_1",17.6108172560017,0
"5P_1_7_chr13_113119570_113119572_NM_000131.4(F7):c.*563_*564delAT_NR_051961.1_utr5_6_0_chr13_113118413_f_Mut_1",20.7135038771982,0
"5P_1_7_chr13_113119589_113119590_NM_000131.4(F7):c.*582C|T_NR_051961.1_utr5_6_0_chr13_113118413_f_Mut_1",22.981695284718,0
"5P_1_7_chr13_113119589_113119590_NM_000131.4(F7):c.*582C|T_NR_051961.1_utr5_6_0_chr13_113118413_f_Ref_1",11.9028844850472,0
"5P_1_7_chr13_113119612_113119613_NM_000131.4(F7):c.*605G|A_NR_051961.1_utr5_6_0_chr13_113118413_f_Mut_1",28.8034314086466,0
"5P_1_7_chr13_113119612_113119613_NM_000131.4(F7):c.*605G|A_NR_051961.1_utr5_6_0_chr13_113118413_f_Ref_1",14.429462827295,0
"5P_1_7_chr13_113119627_113119628_NM_000131.4(F7):c.*620C|T_NR_051961.1_utr5_6_0_chr13_113118413_f_Mut_1",58.7270821114718,0
"5P_1_7_chr13_113119627_113119628_NM_000131.4(F7):c.*620C|T_NR_051961.1_utr5_6_0_chr13_113118413_f_Ref_1",28.1541412194229,0
"5P_1_7_chr13_113119635_113119638_NM_000131.4(F7):c.*628_*630delTCA_NR_051961.1_utr5_6_0_chr13_113118413_f_Mut_1",18.5631440953793,0
"5P_1_7_chr13_113119685_113119687_NM_000131.4(F7):c.*678_*679delCA_NR_051961.1_utr5_6_0_chr13_113118413_f_Mut_1",27.0128098183301,0
"5P_1_7_chr13_113119685_113119687_NM_000131.4(F7):c.*678_*679delCA_NR_051961.1_utr5_6_0_chr13_113118413_f_Ref_1",13.3134582886543,0
"5P_1_7_chr13_113119716_113119720_NM_000131.4(F7):c.*709_*712delACAC_NR_051961.1_utr5_6_0_chr13_113118413_f_Mut_1",24.6030761988305,0
"5P_1_7_chr13_113119716_113119720_NM_000131.4(F7):c.*709_*712delACAC_NR_051961.1_utr5_6_0_chr13_113118413_f_Ref_1",19.2203190254055,0
"5P_1_7_chr13_113119763_113119778_NM_000131.4(F7):c.*756_*770delGATGCACACACACCGinsCCA_NR_051961.1_utr5_6_0_chr13_113118413_f_Mut_1",56.6973964810589,0
"5P_1_7_chr13_113119763_113119778_NM_000131.4(F7):c.*756_*770delGATGCACACACACCGinsCCA_NR_051961.1_utr5_6_0_chr13_113118413_f_Ref_1",33.0191478302537,0
"5P_1_7_chr13_113119858_113119863_NM_000131.4(F7):c.*851_*855delCTTCA_NR_051961.1_utr5_6_0_chr13_113118413_f_Mut_1",15.2800645786175,0
"5P_1_7_chr13_113119858_113119863_NM_000131.4(F7):c.*851_*855delCTTCA_NR_051961.1_utr5_6_0_chr13_113118413_f_Ref_1",15.5625264151955,0
"5P_1_7_chr13_113119916_113119917_NM_000131.4(F7):c.*909C|T_NR_051961.1_utr5_6_0_chr13_113118413_f_Mut_1",9.61550684674287,0
"5P_1_7_chr13_113119916_113119917_NM_000131.4(F7):c.*909C|T_NR_051961.1_utr5_6_0_chr13_113118413_f_Ref_1",12.2245550446658,0
"5P_1_7_chr13_113119998_113119999_NM_000131.4(F7):c.*991G|A_NR_051961.1_utr5_6_0_chr13_113118413_f_Mut_1",34.424188806262,1
"5P_1_7_chr13_113119998_113119999_NM_000131.4(F7):c.*991G|A_NR_051961.1_utr5_6_0_chr13_113118413_f_Ref_1",43.1204025879595,1
"5P_1_7_chr13_113120061_113120062_NM_000131.4(F7):c.*1054C|A_NR_051961.1_utr5_6_0_chr13_113118413_f_Mut_1",18.2081963573875,1
"5P_1_7_chr13_113120061_113120062_NM_000131.4(F7):c.*1054C|A_NR_051961.1_utr5_6_0_chr13_113118413_f_Ref_1",191.750737524016,1
"5P_1_7_chr13_113120064_113120065_NM_000131.4(F7):c.*1057C|T_NR_051961.1_utr5_6_0_chr13_113118413_f_Mut_1",39.3720837960209,1
"5P_1_7_chr13_113120064_113120065_NM_000131.4(F7):c.*1057C|T_NR_051961.1_utr5_6_0_chr13_113118413_f_Ref_1",72.7599715796861,1
"5P_1_7_chr13_113120084_113120085_NM_000131.4(F7):c.*1077delG_NR_051961.1_utr5_6_0_chr13_113118413_f_Mut_1",23.3680025306108,1
"5P_1_7_chr13_113120084_113120085_NM_000131.4(F7):c.*1077delG_NR_051961.1_utr5_6_0_chr13_113118413_f_Ref_1",74.4037009786718,1
"5P_1_7_chr13_113120482_113120483_NM_000131.4(F7):c.*1475G|A_NR_051961.1_utr5_6_0_chr13_113118413_f_Mut_1",27.8503374472125,0
"5P_1_7_chr13_113120482_113120483_NM_000131.4(F7):c.*1475G|A_NR_051961.1_utr5_6_0_chr13_113118413_f_Ref_1",51.978358407631,0
"5P_1_7_chr13_113120507_113120511_NM_000131.4(F7):c.*1500_*1503delTCAC_NR_051961.1_utr5_6_0_chr13_113118413_f_Mut_1",15.0674741231829,0
"5P_1_7_chr13_113120507_113120511_NM_000131.4(F7):c.*1500_*1503delTCAC_NR_051961.1_utr5_6_0_chr13_113118413_f_Ref_1",27.9163197377015,0
"5P_1_7_chr13_113120621_113120622_NM_000131.4(F7):c.*1614A|C_NR_051961.1_utr5_6_0_chr13_113118413_f_Mut_1",16.6616084078827,1
"5P_1_7_chr13_113120621_113120622_NM_000131.4(F7):c.*1614A|C_NR_051961.1_utr5_6_0_chr13_113118413_f_Ref_1",44.5095116988077,1
"5P_1_7_chr13_21671327_21671328_NM_002010.2(FGF9):c.-585dupT_NM_002010.2_utr5_0_0_chr13_21671076_f_Mut_1",25.4162286081943,1
"5P_1_7_chr13_21671327_21671328_NM_002010.2(FGF9):c.-585dupT_NM_002010.2_utr5_0_0_chr13_21671076_f_Ref_1",21.7953751939652,1
"5P_1_7_chr13_21671460_21671461_NM_002010.2(FGF9):c.-452A|T_NM_002010.2_utr5_0_0_chr13_21671076_f_Mut_1",12.4777856060498,0
"5P_1_7_chr13_21671460_21671461_NM_002010.2(FGF9):c.-452A|T_NM_002010.2_utr5_0_0_chr13_21671076_f_Ref_1",20.7739843405233,0
"5P_1_7_chr13_21671577_21671578_NM_002010.2(FGF9):c.-335delT_NM_002010.2_utr5_0_0_chr13_21671076_f_Mut_1",48.5390283593315,1
"5P_1_7_chr13_21671577_21671578_NM_002010.2(FGF9):c.-335delT_NM_002010.2_utr5_0_0_chr13_21671076_f_Ref_1",33.7262835888725,1
"5P_1_7_chr13_21671656_21671657_NM_002010.2(FGF9):c.-256G|A_NM_002010.2_utr5_0_0_chr13_21671076_f_Mut_1",19.4173823601238,1
"5P_1_7_chr13_21671656_21671657_NM_002010.2(FGF9):c.-256G|A_NM_002010.2_utr5_0_0_chr13_21671076_f_Ref_1",26.6956526653848,1
"5P_1_7_chr13_21671796_21671797_NM_002010.2(FGF9):c.-116dupC_NM_002010.2_utr5_0_0_chr13_21671076_f_Mut_1",22.9934230656507,1
"5P_1_7_chr13_21671796_21671797_NM_002010.2(FGF9):c.-116dupC_NM_002010.2_utr5_0_0_chr13_21671076_f_Ref_1",34.6466807425843,1
"5P_1_7_chr13_21671867_21671868_NM_002010.2(FGF9):c.-45C|T_NM_002010.2_utr5_0_0_chr13_21671076_f_Mut_1",19.2031509449277,1
"5P_1_7_chr13_21671867_21671868_NM_002010.2(FGF9):c.-45C|T_NM_002010.2_utr5_0_0_chr13_21671076_f_Ref_2",20.560980090077,1
"5P_1_7_chr13_21671875_21671876_NM_002010.2(FGF9):c.-37dupA_NM_002010.2_utr5_0_0_chr13_21671076_f_Mut_1",57.5429563211639,1
"5P_1_7_chr13_23180950_23180951_NM_000231.2(SGCG):c.-125A|G_NM_000231.2_utr5_0_0_chr13_23180921_f_Ref_2",52.1688192574095,1
"5P_1_7_chr13_23180957_23180958_NM_000231.2(SGCG):c.-118G|A_NM_000231.2_utr5_0_0_chr13_23180921_f_Mut_1",77.0618523960747,1
"5P_1_7_chr13_27621787_27621788_NM_015972.3(POLR1D):c.-196G|C_NM_152705.2_utr5_0_0_chr13_27621779_f_Mut_1",29.4867050716767,0
"5P_1_7_chr13_27621982_27621983_NM_015972.3(POLR1D):c.-1G|T_NM_152705.2_utr5_0_0_chr13_27621779_f_Mut_1",64.8677903245043,0
"5P_1_7_chr13_27621982_27621983_NM_015972.3(POLR1D):c.-1G|T_NM_152705.2_utr5_0_0_chr13_27621779_f_Ref_1",38.1712028639012,0
"5P_1_7_chr13_27920109_27920116_NM_000209.3(PDX1):c.-29_-23dupCTCCCGG_NM_000209.3_utr5_0_0_chr13_27920031_f_Mut_1",46.6748274864628,0
"5P_1_7_chr13_32315496_32315497_NM_000059.3(BRCA2):c.-210A|G_NM_000059.3_utr5_0_0_chr13_32315480_f_Ref_3",52.8801702405842,0
"5P_1_7_chr13_32315510_32315511_NM_000059.3(BRCA2):c.-196G|A_NM_000059.3_utr5_0_0_chr13_32315480_f_Mut_1",77.2102561644205,0
"5P_1_7_chr13_32315518_32315519_NM_000059.3(BRCA2):c.-188C|T_NM_000059.3_utr5_0_0_chr13_32315480_f_Mut_1",136.201008967834,0
"5P_1_7_chr13_32315656_32315659_NM_000059.3(BRCA2):c.-50_-48delCTC_NM_000059.3_utr5_0_0_chr13_32315480_f_Mut_1",79.0940256498701,1
"5P_1_7_chr13_32315656_32315659_NM_000059.3(BRCA2):c.-50_-48delCTC_NM_000059.3_utr5_0_0_chr13_32315480_f_Ref_1",243.086881249759,1
"5P_1_7_chr13_36819213_36819214_NM_000538.3(RFXAP):c.-144G|A_NM_000538.3_utr5_0_0_chr13_36819202_f_Mut_1",45.0200059348676,1
"5P_1_7_chr13_36819241_36819242_NM_000538.3(RFXAP):c.-116C|G_NM_000538.3_utr5_0_0_chr13_36819202_f_Mut_1",95.4108122469992,1
"5P_1_7_chr13_36819252_36819253_NM_000538.3(RFXAP):c.-105C|A_NM_000538.3_utr5_0_0_chr13_36819202_f_Mut_1",34.0516464074239,1
"5P_1_7_chr13_36819256_36819257_NM_000538.3(RFXAP):c.-101T|G_NM_000538.3_utr5_0_0_chr13_36819202_f_Mut_1",79.184222794342,0
"5P_1_7_chr13_38687059_38687060_NM_207361.5(FREM2):c.-285C|G_NM_207361.5_utr5_0_0_chr13_38687036_f_Mut_1",125.866399215257,0
"5P_1_7_chr13_38687059_38687060_NM_207361.5(FREM2):c.-285C|G_NM_207361.5_utr5_0_0_chr13_38687036_f_Ref_1",60.5945214454625,0
"5P_1_7_chr13_38687093_38687094_NM_207361.5(FREM2):c.-251A|G_NM_207361.5_utr5_0_0_chr13_38687036_f_Mut_1",216.675162020887,0
"5P_1_7_chr13_38687093_38687094_NM_207361.5(FREM2):c.-251A|G_NM_207361.5_utr5_0_0_chr13_38687036_f_Ref_1",28.4255968372757,0
"5P_1_7_chr13_38687100_38687101_NM_207361.5(FREM2):c.-244G|T_NM_207361.5_utr5_0_0_chr13_38687036_f_Mut_1",32.1954966820443,0
"5P_1_7_chr13_38687125_38687126_NM_207361.5(FREM2):c.-219G|A_NM_207361.5_utr5_0_0_chr13_38687036_f_Mut_1",30.8094033048058,0
"5P_1_7_chr13_38687125_38687126_NM_207361.5(FREM2):c.-219G|A_NM_207361.5_utr5_0_0_chr13_38687036_f_Ref_1",21.3795314737276,0
"5P_1_7_chr13_38687151_38687152_NM_207361.5(FREM2):c.-193T|C_NM_207361.5_utr5_0_0_chr13_38687036_f_Mut_1",290.446444590344,0
"5P_1_7_chr13_38687151_38687152_NM_207361.5(FREM2):c.-193T|C_NM_207361.5_utr5_0_0_chr13_38687036_f_Ref_1",59.6116569848984,0
"5P_1_7_chr13_38687162_38687163_NM_207361.5(FREM2):c.-182G|A_NM_207361.5_utr5_0_0_chr13_38687036_f_Mut_1",152.111855328123,0
"5P_1_7_chr13_39655673_39655674_NM_020751.2(COG6):c.-53T|G_NM_020751.2_utr5_0_0_chr13_39655627_f_Mut_1",396.711615148253,0
"5P_1_7_chr13_39655716_39655717_NM_020751.2(COG6):c.-10G|C_NM_020751.2_utr5_0_0_chr13_39655627_f_Mut_1",31.7905965968579,0
"5P_1_7_chr13_39751101_39751102_NM_001145079.1(COG6):c.1826+23554T|C_NR_026745.1_utr5_19_0_chr13_39750946_f_Mut_1",14.5709782205744,1
"5P_1_7_chr13_39751101_39751102_NM_001145079.1(COG6):c.1826+23554T|C_NR_026745.1_utr5_19_0_chr13_39750946_f_Ref_1",16.1176390007374,1
"5P_1_7_chr13_39751144_39751145_NM_020751.2(COG6):c.*52G|A_NR_026745.1_utr5_19_0_chr13_39750946_f_Mut_1",22.1245118150781,1
"5P_1_7_chr13_39751144_39751145_NM_020751.2(COG6):c.*52G|A_NR_026745.1_utr5_19_0_chr13_39750946_f_Ref_1",24.4196822508028,1
"5P_1_7_chr13_39751153_39751154_NM_020751.2(COG6):c.*61T|C_NR_026745.1_utr5_19_0_chr13_39750946_f_Mut_1",10.7147875114785,1
"5P_1_7_chr13_39751153_39751154_NM_020751.2(COG6):c.*61T|C_NR_026745.1_utr5_19_0_chr13_39750946_f_Ref_1",16.1012298061556,1
"5P_1_7_chr13_39751239_39751240_NM_020751.2(COG6):c.*147dupT_NR_026745.1_utr5_19_0_chr13_39750946_f_Mut_1",34.9675454234739,1
"5P_1_7_chr13_39751239_39751240_NM_020751.2(COG6):c.*147dupT_NR_026745.1_utr5_19_0_chr13_39750946_f_Ref_1",59.8925848563928,1
"5P_1_7_chr13_39751297_39751298_NM_020751.2(COG6):c.*205C|G_NR_026745.1_utr5_19_0_chr13_39750946_f_Mut_1",25.2065129656356,1
"5P_1_7_chr13_39751297_39751298_NM_020751.2(COG6):c.*205C|G_NR_026745.1_utr5_19_0_chr13_39750946_f_Ref_1",22.8338293107511,1
"5P_1_7_chr13_39751535_39751536_NM_020751.2(COG6):c.*443A|G_NR_026745.1_utr5_19_0_chr13_39750946_f_Mut_1",24.8968792563967,1
"5P_1_7_chr13_39751535_39751536_NM_020751.2(COG6):c.*443A|G_NR_026745.1_utr5_19_0_chr13_39750946_f_Ref_1",27.8005014194281,1
"5P_1_7_chr13_39751681_39751682_NM_020751.2(COG6):c.*589C|G_NR_026745.1_utr5_19_0_chr13_39750946_f_Mut_1",15.3142743930735,1
"5P_1_7_chr13_39751681_39751682_NM_020751.2(COG6):c.*589C|G_NR_026745.1_utr5_19_0_chr13_39750946_f_Ref_1",38.7619671291608,1
"5P_1_7_chr13_39752288_39752289_NM_020751.2(COG6):c.*1196A|T_NR_026745.1_utr5_19_0_chr13_39750946_f_Ref_1",12.8949391555077,1
"5P_1_7_chr13_39752302_39752303_NM_020751.2(COG6):c.*1210A|G_NR_026745.1_utr5_19_0_chr13_39750946_f_Mut_1",15.9057759973374,1
"5P_1_7_chr13_39752533_39752536_NM_020751.2(COG6):c.*1441_*1443delAGA_NR_026745.1_utr5_19_0_chr13_39750946_f_Mut_1",17.8278043153681,1
"5P_1_7_chr13_39752533_39752536_NM_020751.2(COG6):c.*1441_*1443delAGA_NR_026745.1_utr5_19_0_chr13_39750946_f_Ref_1",12.2223085322864,1
"5P_1_7_chr13_39752535_39752536_NM_020751.2(COG6):c.*1443A|T_NR_026745.1_utr5_19_0_chr13_39750946_f_Mut_1",18.2945277762297,1
"5P_1_7_chr13_39752535_39752536_NM_020751.2(COG6):c.*1443A|T_NR_026745.1_utr5_19_0_chr13_39750946_f_Ref_1",20.2594519062323,1
"5P_1_7_chr13_39752624_39752625_NM_020751.2(COG6):c.*1532T|G_NR_026745.1_utr5_19_0_chr13_39750946_f_Mut_1",29.0619137903121,1
"5P_1_7_chr13_39752624_39752625_NM_020751.2(COG6):c.*1532T|G_NR_026745.1_utr5_19_0_chr13_39750946_f_Ref_1",17.0835203843499,1
"5P_1_7_chr13_42574159_42574160_NM_003701.3(TNFSF11):c.-144G|C_NM_003701.3_utr5_0_0_chr13_42574155_f_Mut_1",25.4697013196325,0
"5P_1_7_chr13_42574159_42574160_NM_003701.3(TNFSF11):c.-144G|C_NM_003701.3_utr5_0_0_chr13_42574155_f_Ref_2",52.6278207459305,0
"5P_1_7_chr13_42574162_42574163_NM_003701.3(TNFSF11):c.-141C|T_NM_003701.3_utr5_0_0_chr13_42574155_f_Mut_1",17.8364445864015,0
"5P_1_7_chr13_42574222_42574223_NM_003701.3(TNFSF11):c.-81C|A_NM_003701.3_utr5_0_0_chr13_42574155_f_Ref_1",54.9526753973522,0
"5P_1_7_chr13_42574299_42574300_NM_003701.3(TNFSF11):c.-4C|T_NM_003701.3_utr5_0_0_chr13_42574155_f_Mut_1",23.1858225977938,0
"5P_1_7_chr13_42574299_42574300_NM_003701.3(TNFSF11):c.-4C|T_NM_003701.3_utr5_0_0_chr13_42574155_f_Ref_1",25.1767678484289,0
"5P_1_7_chr13_48303756_48303757_NM_000321.2(RB1):c.-156C|A_NM_000321.2_utr5_0_0_chr13_48303747_f_Mut_1",72.1095109278204,1
"5P_1_7_chr13_48303756_48303757_NM_000321.2(RB1):c.-156C|A_NM_000321.2_utr5_0_0_chr13_48303747_f_Ref_2",47.4639991268718,1
"5P_1_7_chr13_48303759_48303760_NM_000321.2(RB1):c.-153G|T_NM_000321.2_utr5_0_0_chr13_48303747_f_Mut_1",47.2304586851903,1
"5P_1_7_chr13_48303831_48303832_NM_000321.2(RB1):c.-81G|A_NM_000321.2_utr5_0_0_chr13_48303747_f_Mut_1",61.1419342417895,1
"5P_1_7_chr13_48303831_48303832_NM_000321.2(RB1):c.-81G|A_NM_000321.2_utr5_0_0_chr13_48303747_f_Ref_1",44.9232875460234,1
"5P_1_7_chr13_48303843_48303844_NM_000321.2(RB1):c.-69G|C_NM_000321.2_utr5_0_0_chr13_48303747_f_Mut_1",16.8720273668123,1
"5P_1_7_chr13_48303843_48303844_NM_000321.2(RB1):c.-69G|C_NM_000321.2_utr5_0_0_chr13_48303747_f_Ref_1",34.2114200773562,1
"5P_1_7_chr13_50909677_50909678_NM_024570.3(RNASEH2B):c.-399C|G_NM_024570.3_utr5_0_0_chr13_50909678_f_Mut_1",246.619779528688,0
"5P_1_7_chr13_50909848_50909849_NM_024570.3(RNASEH2B):c.-228C|A_NM_024570.3_utr5_0_0_chr13_50909678_f_Mut_1",16.3692078615866,1
"5P_1_7_chr13_50909895_50909896_NM_024570.3(RNASEH2B):c.-181G|A_NM_024570.3_utr5_0_0_chr13_50909678_f_Mut_1",45.3014402076403,1
"5P_1_7_chr13_50909895_50909896_NM_024570.3(RNASEH2B):c.-181G|A_NM_024570.3_utr5_0_0_chr13_50909678_f_Ref_1",62.9260152699957,1
"5P_1_7_chr13_50909959_50909960_NM_024570.3(RNASEH2B):c.-117C|G_NM_024570.3_utr5_0_0_chr13_50909678_f_Mut_1",15.3556437133313,1
"5P_1_7_chr13_50909959_50909960_NM_024570.3(RNASEH2B):c.-117C|G_NM_024570.3_utr5_0_0_chr13_50909678_f_Ref_1",47.744586112846,1
"5P_1_7_chr13_50909964_50909965_NM_024570.3(RNASEH2B):c.-112C|T_NM_024570.3_utr5_0_0_chr13_50909678_f_Mut_1",158.461322871389,1
"5P_1_7_chr13_50909969_50909970_NM_024570.3(RNASEH2B):c.-107G|A_NM_024570.3_utr5_0_0_chr13_50909678_f_Ref_1",121.34712693279,1
"5P_1_7_chr13_52028737_52028738_NM_001004127.2(ALG11):c.*148A|T_NM_021645.5_utr5_1_0_chr13_52028319_f_Mut_1",27.2185534871544,1
"5P_1_7_chr13_52028737_52028738_NM_001004127.2(ALG11):c.*148A|T_NM_021645.5_utr5_1_0_chr13_52028319_f_Ref_1",25.7320623029975,1
"5P_1_7_chr13_52028866_52028867_NM_001004127.2(ALG11):c.*277G|T_NR_036571.2_utr5_1_0_chr13_52028319_f_Mut_1",27.0028717493168,1
"5P_1_7_chr13_52028886_52028887_NM_001004127.2(ALG11):c.*297G|A_NR_036571.2_utr5_1_0_chr13_52028319_f_Mut_1",39.0823248964652,0
"5P_1_7_chr13_52028886_52028887_NM_001004127.2(ALG11):c.*297G|A_NR_036571.2_utr5_1_0_chr13_52028319_f_Ref_1",44.9660757743777,0
"5P_1_7_chr13_52028995_52028996_NM_001004127.2(ALG11):c.*406T|C_NR_036571.2_utr5_1_0_chr13_52028319_f_Mut_1",74.6756705360093,0
"5P_1_7_chr13_52028995_52028996_NM_001004127.2(ALG11):c.*406T|C_NR_036571.2_utr5_1_0_chr13_52028319_f_Ref_1",155.556008324245,0
"5P_1_7_chr13_52029529_52029530_NM_001004127.2(ALG11):c.*940A|C_NR_036571.2_utr5_1_0_chr13_52028319_f_Mut_1",14.2537052053142,0
"5P_1_7_chr13_52029529_52029530_NM_001004127.2(ALG11):c.*940A|C_NR_036571.2_utr5_1_0_chr13_52028319_f_Ref_1",14.4807421156488,0
"5P_1_7_chr13_52029542_52029543_NM_001004127.2(ALG11):c.*953A|G_NR_036571.2_utr5_1_0_chr13_52028319_f_Ref_1",13.9294738218026,0
"5P_1_7_chr13_93227014_93227015_NM_005708.4(GPC6):c.-442C|T_NM_005708.3_utr5_0_0_chr13_93226825_f_Mut_1",98.443447591258,0
"5P_1_7_chr13_93227149_93227150_NM_005708.4(GPC6):c.-307T|A_NM_005708.3_utr5_0_0_chr13_93226825_f_Mut_1",79.4981862715416,1
"5P_1_7_chr13_93227149_93227150_NM_005708.4(GPC6):c.-307T|A_NM_005708.3_utr5_0_0_chr13_93226825_f_Ref_1",88.7869599246921,1
"5P_1_7_chr13_93227319_93227320_NM_005708.4(GPC6):c.-137C|T_NM_005708.3_utr5_0_0_chr13_93226825_f_Mut_1",29.5150567283409,1
"5P_1_7_chr13_93227319_93227320_NM_005708.4(GPC6):c.-137C|T_NM_005708.3_utr5_0_0_chr13_93226825_f_Ref_1",25.7477545068814,1
"5P_1_7_chr13_93227323_93227324_NM_005708.4(GPC6):c.-133G|T_NM_005708.3_utr5_0_0_chr13_93226825_f_Mut_1",35.6858937537646,1
"5P_1_7_chr13_93227323_93227324_NM_005708.4(GPC6):c.-133G|T_NM_005708.3_utr5_0_0_chr13_93226825_f_Ref_1",26.0225986395945,1
"5P_1_7_chr13_93227356_93227357_NM_005708.4(GPC6):c.-100G|A_NM_005708.3_utr5_0_0_chr13_93226825_f_Ref_1",32.0171902769669,0
"5P_1_7_chr13_93227387_93227388_NM_005708.4(GPC6):c.-69C|T_NM_005708.3_utr5_0_0_chr13_93226825_f_Mut_1",27.1118551247873,0
"5P_1_7_chr13_93227433_93227434_NM_005708.4(GPC6):c.-23G|T_NM_005708.3_utr5_0_0_chr13_93226825_f_Mut_1",16.9649888394054,0
"5P_1_7_chr13_93227433_93227434_NM_005708.4(GPC6):c.-23G|T_NM_005708.3_utr5_0_0_chr13_93226825_f_Ref_1",46.1674841267162,0
"5P_1_7_chr14_101964554_101964555_NM_001376.4(DYNC1H1):c.-137C|T_NM_001376.4_utr5_0_0_chr14_101964528_f_Ref_1",213.105089211947,0
"5P_1_7_chr14_101964678_101964679_NM_001376.4(DYNC1H1):c.-13C|G_NM_001376.4_utr5_0_0_chr14_101964528_f_Mut_1",208.602896059435,0
"5P_1_7_chr14_101964678_101964679_NM_001376.4(DYNC1H1):c.-13C|G_NM_001376.4_utr5_0_0_chr14_101964528_f_Ref_1",136.198833805236,0
"5P_1_7_chr14_20455136_20455137_NM_001641.3(APEX1):c.-326G|A_NM_001641.3_utr5_0_0_chr14_20455131_f_Mut_1",54.9684861492757,0
"5P_1_7_chr14_20469428_20469429_NM_000270.3(PNP):c.-96G|A_NM_000270.3_utr5_0_0_chr14_20469379_f_Mut_1",34.1331998714765,0
"5P_1_7_chr14_20469428_20469429_NM_000270.3(PNP):c.-96G|A_NM_000270.3_utr5_0_0_chr14_20469379_f_Ref_2",116.063454038014,0
"5P_1_7_chr14_20469433_20469434_NM_000270.3(PNP):c.-91G|T_NM_000270.3_utr5_0_0_chr14_20469379_f_Mut_1",24.1846687265448,0
"5P_1_7_chr14_20684182_20684183_NM_001145.4(ANG):c.-594C|A_NM_001145.4_utr5_0_0_chr14_20684177_f_Mut_1",66.9301761181433,0
"5P_1_7_chr14_20684182_20684183_NM_001145.4(ANG):c.-594C|A_NM_001145.4_utr5_0_0_chr14_20684177_f_Ref_1",68.2510440580598,0
"5P_1_7_chr14_20684252_20684253_NM_001145.4(ANG):c.-524G|A_NM_001145.4_utr5_0_0_chr14_20684177_f_Mut_1",43.2390864513552,0
"5P_1_7_chr14_20684252_20684253_NM_001145.4(ANG):c.-524G|A_NM_001145.4_utr5_0_0_chr14_20684177_f_Ref_1",22.9479581647263,0
"5P_1_7_chr14_20684395_20684396_NM_001145.4(ANG):c.-381C|T_NM_001145.4_utr5_0_0_chr14_20684177_f_Mut_1",136.800734601962,0
"5P_1_7_chr14_20684395_20684396_NM_001145.4(ANG):c.-381C|T_NM_001145.4_utr5_0_0_chr14_20684177_f_Ref_1",121.819601014421,0
"5P_1_7_chr14_20684661_20684662_NM_001145.4(ANG):c.-115G|C_NM_001145.4_utr5_0_0_chr14_20684177_f_Mut_1",86.5127781714039,0
"5P_1_7_chr14_20684661_20684662_NM_001145.4(ANG):c.-115G|C_NM_001145.4_utr5_0_0_chr14_20684177_f_Ref_1",42.3468317076956,0
"5P_1_7_chr14_30874548_30874549_NM_004086.2(COCH):c.-66C|T_NM_001135058.1_utr5_0_0_chr14_30874535_f_Mut_1",21.504569765795,0
"5P_1_7_chr14_31859314_31859315_NM_025152.2(NUBPL):c.*135T|G_NR_120408.1_utr5_9_0_chr14_31859118_f_Mut_1",8.48325582676576,1
"5P_1_7_chr14_31859367_31859368_NM_025152.2(NUBPL):c.*188T|C_NR_120408.1_utr5_9_0_chr14_31859118_f_Mut_1",18.2715758954259,1
"5P_1_7_chr14_31859367_31859368_NM_025152.2(NUBPL):c.*188T|C_NR_120408.1_utr5_9_0_chr14_31859118_f_Ref_1",18.2845814957112,1
"5P_1_7_chr14_31859534_31859535_NM_025152.2(NUBPL):c.*355T|C_NR_120408.1_utr5_9_0_chr14_31859118_f_Mut_1",28.3743705327296,1
"5P_1_7_chr14_31859534_31859535_NM_025152.2(NUBPL):c.*355T|C_NR_120408.1_utr5_9_0_chr14_31859118_f_Ref_1",20.5808309490592,1
"5P_1_7_chr14_31859536_31859537_NM_025152.2(NUBPL):c.*357C|G_NR_120408.1_utr5_9_0_chr14_31859118_f_Ref_1",19.1555567285744,1
"5P_1_7_chr14_31859706_31859707_NM_025152.2(NUBPL):c.*527G|A_NR_120408.1_utr5_9_0_chr14_31859118_f_Mut_1",22.4868862613174,1
"5P_1_7_chr14_31859706_31859707_NM_025152.2(NUBPL):c.*527G|A_NR_120408.1_utr5_9_0_chr14_31859118_f_Ref_1",30.0215761271433,1
"5P_1_7_chr14_31859740_31859741_NM_025152.2(NUBPL):c.*561G|A_NR_120408.1_utr5_9_0_chr14_31859118_f_Mut_1",23.7437478461821,1
"5P_1_7_chr14_31859740_31859741_NM_025152.2(NUBPL):c.*561G|A_NR_120408.1_utr5_9_0_chr14_31859118_f_Ref_1",29.0657172647064,1
"5P_1_7_chr14_31859817_31859818_NM_025152.2(NUBPL):c.*638C|G_NR_120408.1_utr5_9_0_chr14_31859118_f_Ref_1",24.6477641651552,1
"5P_1_7_chr14_31860084_31860085_NM_025152.2(NUBPL):c.*905A|C_NR_120408.1_utr5_9_0_chr14_31859118_f_Mut_1",30.6693084603867,0
"5P_1_7_chr14_31860194_31860195_NM_025152.2(NUBPL):c.*1015C|A_NR_120408.1_utr5_9_0_chr14_31859118_f_Mut_1",44.921434053216,0
"5P_1_7_chr14_31860194_31860195_NM_025152.2(NUBPL):c.*1015C|A_NR_120408.1_utr5_9_0_chr14_31859118_f_Ref_1",43.7253179290224,0
"5P_1_7_chr14_31860227_31860228_NM_025152.2(NUBPL):c.*1048G|A_NR_120408.1_utr5_9_0_chr14_31859118_f_Mut_1",71.7126192599727,0
"5P_1_7_chr14_31860227_31860228_NM_025152.2(NUBPL):c.*1048G|A_NR_120408.1_utr5_9_0_chr14_31859118_f_Ref_1",61.1177072913767,0
"5P_1_7_chr14_31860232_31860233_NM_025152.2(NUBPL):c.*1053G|A_NR_120408.1_utr5_9_0_chr14_31859118_f_Mut_1",32.8264720554052,0
"5P_1_7_chr14_31860232_31860233_NM_025152.2(NUBPL):c.*1053G|A_NR_120408.1_utr5_9_0_chr14_31859118_f_Ref_1",13.1869909543636,0
"5P_1_7_chr14_31860299_31860299_NM_025152.2(NUBPL):c.*1119_*1120insA_NR_120408.1_utr5_9_0_chr14_31859118_f_Mut_1",78.1955200698704,1
"5P_1_7_chr14_31860300_31860303_NM_025152.2(NUBPL):c.*1121_*1123delTCA_NR_120408.1_utr5_9_0_chr14_31859118_f_Mut_1",92.2626043507144,1
"5P_1_7_chr14_31860301_31860302_NM_025152.2(NUBPL):c.*1122dupC_NR_120408.1_utr5_9_0_chr14_31859118_f_Mut_1",43.8811681492723,1
"5P_1_7_chr14_31860301_31860304_NM_025152.2(NUBPL):c.*1122_*1124delCAA_NR_120408.1_utr5_9_0_chr14_31859118_f_Mut_1",64.3436406536561,1
"5P_1_7_chr14_31860323_31860327_NM_025152.2(NUBPL):c.*1144_*1147delAAAA_NR_120408.1_utr5_9_0_chr14_31859118_f_Mut_1",49.9267487009054,1
"5P_1_7_chr14_31860324_31860328_NM_025152.2(NUBPL):c.*1145_*1148delAAAG_NR_120408.1_utr5_9_0_chr14_31859118_f_Ref_1",226.884678615237,1
"5P_1_7_chr14_31860325_31860328_NM_025152.2(NUBPL):c.*1146_*1148delAAG_NR_120408.1_utr5_9_0_chr14_31859118_f_Mut_1",58.9953389497512,1
"5P_1_7_chr14_31860325_31860328_NM_025152.2(NUBPL):c.*1146_*1148delAAG_NR_120408.1_utr5_9_0_chr14_31859118_f_Ref_1",174.709674984596,1
"5P_1_7_chr14_31860326_31860327_NM_025152.2(NUBPL):c.*1147dupA_NR_120408.1_utr5_9_0_chr14_31859118_f_Mut_1",39.4563906989063,1
"5P_1_7_chr14_31860326_31860327_NM_025152.2(NUBPL):c.*1147dupA_NR_120408.1_utr5_9_0_chr14_31859118_f_Ref_1",40.0253837551825,1
"5P_1_7_chr14_31860327_31860328_NM_025152.2(NUBPL):c.*1148delG_NR_120408.1_utr5_9_0_chr14_31859118_f_Mut_1",35.58953601614,1
"5P_1_7_chr14_31860327_31860328_NM_025152.2(NUBPL):c.*1148delG_NR_120408.1_utr5_9_0_chr14_31859118_f_Ref_1",51.8617281365955,1
"5P_1_7_chr14_31860329_31860329_NM_025152.2(NUBPL):c.*1149_*1150insA_NR_120408.1_utr5_9_0_chr14_31859118_f_Mut_1",108.65034047751,1
"5P_1_7_chr14_31860329_31860329_NM_025152.2(NUBPL):c.*1149_*1150insA_NR_120408.1_utr5_9_0_chr14_31859118_f_Ref_1",52.6515784252155,1
"5P_1_7_chr14_31860330_31860331_NM_025152.2(NUBPL):c.*1151G|A_NR_120408.1_utr5_9_0_chr14_31859118_f_Mut_1",24.5559814968405,1
"5P_1_7_chr14_31860330_31860331_NM_025152.2(NUBPL):c.*1151G|A_NR_120408.1_utr5_9_0_chr14_31859118_f_Ref_1",15.5227873185335,1
"5P_1_7_chr14_31860334_31860335_NM_025152.2(NUBPL):c.*1155dupG_NR_120408.1_utr5_9_0_chr14_31859118_f_Mut_1",65.0779277979806,1
"5P_1_7_chr14_31860334_31860335_NM_025152.2(NUBPL):c.*1155dupG_NR_120408.1_utr5_9_0_chr14_31859118_f_Ref_1",65.1186834628987,1
"5P_1_7_chr14_31860439_31860440_NM_025152.2(NUBPL):c.*1260T|C_NR_120408.1_utr5_9_0_chr14_31859118_f_Mut_1",29.9259104304084,1
"5P_1_7_chr14_31860439_31860440_NM_025152.2(NUBPL):c.*1260T|C_NR_120408.1_utr5_9_0_chr14_31859118_f_Ref_1",44.6992629201741,1
"5P_1_7_chr14_31860788_31860789_NM_025152.2(NUBPL):c.*1609G|A_NR_120408.1_utr5_9_0_chr14_31859118_f_Mut_1",22.3156036435942,1
"5P_1_7_chr14_31860788_31860789_NM_025152.2(NUBPL):c.*1609G|A_NR_120408.1_utr5_9_0_chr14_31859118_f_Ref_1",31.228441473185,1
"5P_1_7_chr14_31860798_31860799_NM_025152.2(NUBPL):c.*1619C|T_NR_120408.1_utr5_9_0_chr14_31859118_f_Mut_1",26.8373464433073,1
"5P_1_7_chr14_31860798_31860799_NM_025152.2(NUBPL):c.*1619C|T_NR_120408.1_utr5_9_0_chr14_31859118_f_Ref_1",62.1023917331814,1
"5P_1_7_chr14_31860952_31860953_NM_025152.2(NUBPL):c.*1773A|G_NR_120408.1_utr5_9_0_chr14_31859118_f_Mut_1",20.1895707752946,1
"5P_1_7_chr14_31860952_31860953_NM_025152.2(NUBPL):c.*1773A|G_NR_120408.1_utr5_9_0_chr14_31859118_f_Ref_1",22.9695405220816,1
"5P_1_7_chr14_31860955_31860956_NM_025152.2(NUBPL):c.*1776G|A_NR_120408.1_utr5_9_0_chr14_31859118_f_Mut_1",25.861522363201,1
"5P_1_7_chr14_31860955_31860956_NM_025152.2(NUBPL):c.*1776G|A_NR_120408.1_utr5_9_0_chr14_31859118_f_Ref_1",35.6605743588047,1
"5P_1_7_chr14_31861019_31861020_NM_025152.2(NUBPL):c.*1840A|G_NR_120408.1_utr5_9_0_chr14_31859118_f_Mut_1",24.8557608885059,0
"5P_1_7_chr14_31861019_31861020_NM_025152.2(NUBPL):c.*1840A|G_NR_120408.1_utr5_9_0_chr14_31859118_f_Ref_1",19.6575552199706,0
"5P_1_7_chr14_31861215_31861216_NM_025152.2(NUBPL):c.*2036A|C_NR_120408.1_utr5_9_0_chr14_31859118_f_Mut_1",12.4220665776182,1
"5P_1_7_chr14_31861215_31861216_NM_025152.2(NUBPL):c.*2036A|C_NR_120408.1_utr5_9_0_chr14_31859118_f_Ref_1",19.0060399509603,1
"5P_1_7_chr14_36657574_36657575_NM_006194.3(PAX9):c.-719C|T_NM_006194.3_utr5_0_0_chr14_36657568_f_Ref_1",182.519536630463,0
"5P_1_7_chr14_36657637_36657638_NM_006194.3(PAX9):c.-656C|G_NM_006194.3_utr5_0_0_chr14_36657568_f_Ref_1",40.109273301813,0
"5P_1_7_chr14_36657740_36657741_NM_006194.3(PAX9):c.-553C|A_NM_006194.3_utr5_0_0_chr14_36657568_f_Mut_1",37.2550068728859,0
"5P_1_7_chr14_36657740_36657741_NM_006194.3(PAX9):c.-553C|A_NM_006194.3_utr5_0_0_chr14_36657568_f_Ref_1",43.9338283508641,0
"5P_1_7_chr14_36657805_36657806_NM_006194.3(PAX9):c.-488C|T_NM_006194.3_utr5_0_0_chr14_36657568_f_Mut_1",44.330643509768,0
"5P_1_7_chr14_36657805_36657806_NM_006194.3(PAX9):c.-488C|T_NM_006194.3_utr5_0_0_chr14_36657568_f_Ref_1",49.2698894921853,0
"5P_1_7_chr14_36661751_36661752_NM_006194.3(PAX9):c.-338C|T_NM_006194.3_utr5_1_0_chr14_36661697_f_Mut_1",59.8339473299047,0
"5P_1_7_chr14_36661751_36661752_NM_006194.3(PAX9):c.-338C|T_NM_006194.3_utr5_1_0_chr14_36661697_f_Ref_1",16.4103077425549,0
"5P_1_7_chr14_36661768_36661769_NM_006194.3(PAX9):c.-321C|A_NM_006194.3_utr5_1_0_chr14_36661697_f_Ref_1",462.68967516903,1
"5P_1_7_chr14_36661845_36661846_NM_006194.3(PAX9):c.-244G|T_NM_006194.3_utr5_1_0_chr14_36661697_f_Mut_1",34.459337492611,1
"5P_1_7_chr14_36661845_36661846_NM_006194.3(PAX9):c.-244G|T_NM_006194.3_utr5_1_0_chr14_36661697_f_Ref_1",13.7534855536815,1
"5P_1_7_chr14_36661871_36661872_NM_006194.3(PAX9):c.-218G|A_NM_006194.3_utr5_1_0_chr14_36661697_f_Ref_1",82.7025073610141,0
"5P_1_7_chr14_36661903_36661904_NM_006194.3(PAX9):c.-186C|A_NM_006194.3_utr5_1_0_chr14_36661697_f_Mut_1",74.0981303442156,1
"5P_1_7_chr14_36661903_36661904_NM_006194.3(PAX9):c.-186C|A_NM_006194.3_utr5_1_0_chr14_36661697_f_Ref_1",22.8994087338176,1
"5P_1_7_chr14_36661970_36661971_NM_006194.3(PAX9):c.-119A|T_NM_006194.3_utr5_1_0_chr14_36661697_f_Ref_1",28.2399148304277,1
"5P_1_7_chr14_36662024_36662025_NM_006194.3(PAX9):c.-65G|A_NM_006194.3_utr5_1_0_chr14_36661697_f_Mut_1",40.8969474505543,0
"5P_1_7_chr14_36662024_36662025_NM_006194.3(PAX9):c.-65G|A_NM_006194.3_utr5_1_0_chr14_36661697_f_Ref_1",88.4072032838218,0
"5P_1_7_chr14_49620813_49620814_NM_002408.3(MGAT2):c.-455C|T_NM_002408.3_utr5_0_0_chr14_49620771_f_Mut_1",47.0349847949322,0
"5P_1_7_chr14_49620813_49620814_NM_002408.3(MGAT2):c.-455C|T_NM_002408.3_utr5_0_0_chr14_49620771_f_Ref_3",14.6070314130802,0
"5P_1_7_chr14_49620822_49620823_NM_002408.3(MGAT2):c.-446C|G_NM_002408.3_utr5_0_0_chr14_49620771_f_Mut_1",50.3322405847063,0
"5P_1_7_chr14_49620825_49620826_NM_002408.3(MGAT2):c.-443C|T_NM_002408.3_utr5_0_0_chr14_49620771_f_Mut_1",14.7770744885781,0
"5P_1_7_chr14_49620839_49620840_NM_002408.3(MGAT2):c.-429G|A_NM_002408.3_utr5_0_0_chr14_49620771_f_Mut_1",24.6886602747762,0
"5P_1_7_chr14_49620839_49620840_NM_002408.3(MGAT2):c.-429G|A_NM_002408.3_utr5_0_0_chr14_49620771_f_Ref_1",32.2611925527747,0
"5P_1_7_chr14_49620843_49620844_NM_002408.3(MGAT2):c.-425C|T_NM_002408.3_utr5_0_0_chr14_49620771_f_Mut_1",65.5708988729382,0
"5P_1_7_chr14_49620843_49620844_NM_002408.3(MGAT2):c.-425C|T_NM_002408.3_utr5_0_0_chr14_49620771_f_Ref_1",47.7723667770009,0
"5P_1_7_chr14_49620908_49620909_NM_002408.3(MGAT2):c.-360G|T_NM_002408.3_utr5_0_0_chr14_49620771_f_Mut_1",165.975074709996,1
"5P_1_7_chr14_49620908_49620909_NM_002408.3(MGAT2):c.-360G|T_NM_002408.3_utr5_0_0_chr14_49620771_f_Ref_1",37.4140907792035,1
"5P_1_7_chr14_49620918_49620919_NM_002408.3(MGAT2):c.-350C|G_NM_002408.3_utr5_0_0_chr14_49620771_f_Mut_1",32.8785433309528,1
"5P_1_7_chr14_49620918_49620919_NM_002408.3(MGAT2):c.-350C|G_NM_002408.3_utr5_0_0_chr14_49620771_f_Ref_1",106.369596734053,1
"5P_1_7_chr14_49620930_49620931_NM_002408.3(MGAT2):c.-338C|T_NM_002408.3_utr5_0_0_chr14_49620771_f_Mut_1",61.9234647707467,1
"5P_1_7_chr14_49620930_49620931_NM_002408.3(MGAT2):c.-338C|T_NM_002408.3_utr5_0_0_chr14_49620771_f_Ref_1",93.723150447817,1
"5P_1_7_chr14_49620972_49620973_NM_002408.3(MGAT2):c.-296C|T_NM_002408.3_utr5_0_0_chr14_49620771_f_Mut_1",33.876959194916,1
"5P_1_7_chr14_49620972_49620973_NM_002408.3(MGAT2):c.-296C|T_NM_002408.3_utr5_0_0_chr14_49620771_f_Ref_1",44.790214719547,1
"5P_1_7_chr14_49621107_49621108_NM_002408.3(MGAT2):c.-161C|G_NM_002408.3_utr5_0_0_chr14_49620771_f_Mut_1",39.4172508202298,0
"5P_1_7_chr14_49621107_49621108_NM_002408.3(MGAT2):c.-161C|G_NM_002408.3_utr5_0_0_chr14_49620771_f_Ref_1",65.1203435971283,0
"5P_1_7_chr14_49621125_49621126_NM_002408.3(MGAT2):c.-143G|C_NM_002408.3_utr5_0_0_chr14_49620771_f_Mut_1",44.9697037667732,0
"5P_1_7_chr14_49621125_49621126_NM_002408.3(MGAT2):c.-143G|C_NM_002408.3_utr5_0_0_chr14_49620771_f_Ref_1",25.8613911369677,0
"5P_1_7_chr14_49621147_49621148_NM_002408.3(MGAT2):c.-121C|G_NM_002408.3_utr5_0_0_chr14_49620771_f_Ref_1",152.2737011234,0
"5P_1_7_chr14_49621200_49621204_NM_002408.3(MGAT2):c.-68_-65dupGCCC_NM_002408.3_utr5_0_0_chr14_49620771_f_Ref_1",69.686523409013,0
"5P_1_7_chr14_50560110_50560111_NM_015915.4(ATL1):c.-155C|G_NM_181598.3_utr5_0_0_chr14_50560025_f_Mut_1",39.5410227716657,0
"5P_1_7_chr14_50560110_50560111_NM_015915.4(ATL1):c.-155C|G_NM_181598.3_utr5_0_0_chr14_50560025_f_Ref_1",23.035503720538,0
"5P_1_7_chr14_60509224_60509225_NM_007374.2(SIX6):c.-174C|G_NM_007374.2_utr5_0_0_chr14_60509220_f_Ref_2",23.7414793067559,0
"5P_1_7_chr14_60509249_60509250_NM_007374.2(SIX6):c.-149C|T_NM_007374.2_utr5_0_0_chr14_60509220_f_Mut_1",46.0802842797748,0
"5P_1_7_chr14_60509284_60509285_NM_007374.2(SIX6):c.-114G|A_NM_007374.2_utr5_0_0_chr14_60509220_f_Mut_1",27.7555344096779,0
"5P_1_7_chr14_60509284_60509285_NM_007374.2(SIX6):c.-114G|A_NM_007374.2_utr5_0_0_chr14_60509220_f_Ref_1",14.8635044988218,0
"5P_1_7_chr14_63853025_63853026_NM_182914.2(SYNE2):c.-169C|T_NM_015180.4_utr5_0_0_chr14_63852965_f_Mut_1",40.9822716304976,0
"5P_1_7_chr14_63853025_63853026_NM_182914.2(SYNE2):c.-169C|T_NM_015180.4_utr5_0_0_chr14_63852965_f_Ref_1",15.2952039774768,0
"5P_1_7_chr14_63853066_63853067_NM_182914.2(SYNE2):c.-128A|T_NM_015180.4_utr5_0_0_chr14_63852965_f_Mut_1",23.9016173071185,0
"5P_1_7_chr14_63853066_63853067_NM_182914.2(SYNE2):c.-128A|T_NM_015180.4_utr5_0_0_chr14_63852965_f_Ref_1",68.7103847943372,0
"5P_1_7_chr14_65093701_65093702_NM_002382.4(MAX):c.171+6T|C_NR_045122.1_utr5_2_0_chr14_65093632_f_Mut_1",58.4860256643902,0
"5P_1_7_chr14_65093701_65093702_NM_002382.4(MAX):c.171+6T|C_NR_045122.1_utr5_2_0_chr14_65093632_f_Ref_1",103.29107470525,0
"5P_1_7_chr14_67722521_67722522_NM_152443.2(RDH12):c.-121G|A_NM_152443.2_utr5_2_0_chr14_67722424_f_Mut_1",22.0357154150642,1
"5P_1_7_chr14_67722521_67722522_NM_152443.2(RDH12):c.-121G|A_NM_152443.2_utr5_2_0_chr14_67722424_f_Ref_1",125.729429003521,1
"5P_1_7_chr14_73136477_73136478_NM_000021.3(PSEN1):c.-241G|T_NM_007318.2_utr5_0_0_chr14_73136435_f_Mut_1",50.9082036934404,0
"5P_1_7_chr14_73136477_73136478_NM_000021.3(PSEN1):c.-241G|T_NM_007318.2_utr5_0_0_chr14_73136435_f_Ref_1",18.1494891195836,0
"5P_1_7_chr14_73136492_73136493_NM_000021.3(PSEN1):c.-226C|A_NM_007318.2_utr5_0_0_chr14_73136435_f_Mut_1",51.5618310687105,0
"5P_1_7_chr14_73136492_73136493_NM_000021.3(PSEN1):c.-226C|A_NM_007318.2_utr5_0_0_chr14_73136435_f_Ref_1",22.067450090738,0
"5P_1_7_chr14_73136504_73136505_NM_000021.3(PSEN1):c.-214T|G_NM_007318.2_utr5_0_0_chr14_73136435_f_Ref_1",33.1979028947826,0
"5P_1_7_chr14_73136527_73136528_NM_000021.3(PSEN1):c.-191C|T_NM_007318.2_utr5_0_0_chr14_73136435_f_Mut_1",21.3529890591239,1
"5P_1_7_chr14_73136527_73136528_NM_000021.3(PSEN1):c.-191C|T_NM_007318.2_utr5_0_0_chr14_73136435_f_Ref_2",58.0479153239848,0
"5P_1_7_chr14_73136538_73136539_NM_000021.3(PSEN1):c.-180C|T_NM_007318.2_utr5_0_0_chr14_73136435_f_Mut_1",33.0058182771926,0
"5P_1_7_chr14_73644939_73644940_NM_031427.3(DNAL1):c.-100T|A_NM_001201366.1_utr5_0_0_chr14_73644875_f_Ref_1",16.3071960397819,0
"5P_1_7_chr14_73644947_73644948_NM_031427.3(DNAL1):c.-92A|T_NM_001201366.1_utr5_0_0_chr14_73644875_f_Mut_1",40.0853082102386,0
"5P_1_7_chr14_73644947_73644948_NM_031427.3(DNAL1):c.-92A|T_NM_001201366.1_utr5_0_0_chr14_73644875_f_Ref_1",35.423538785586,0
"5P_1_7_chr14_73645025_73645026_NM_031427.3(DNAL1):c.-14T|G_NM_001201366.1_utr5_0_0_chr14_73644875_f_Mut_1",26.786784105351,0
"5P_1_7_chr14_73645025_73645026_NM_031427.3(DNAL1):c.-14T|G_NM_001201366.1_utr5_0_0_chr14_73644875_f_Ref_1",30.6639464524585,0
"5P_1_7_chr14_75578861_75578862_NM_017791.2(FLVCR2):c.-111T|C_NM_017791.2_utr5_0_0_chr14_75578597_f_Mut_1",15.3848777068213,1
"5P_1_7_chr14_75578861_75578862_NM_017791.2(FLVCR2):c.-111T|C_NM_017791.2_utr5_0_0_chr14_75578597_f_Ref_1",11.3513777569309,1
"5P_1_7_chr14_76083604_76083605_NM_052873.2(IFT43):c.*28G|A_NR_045664.1_utr5_6_0_chr14_76083458_f_Mut_1",13.352006142201,0
"5P_1_7_chr14_76083604_76083605_NM_052873.2(IFT43):c.*28G|A_NR_045664.1_utr5_6_0_chr14_76083458_f_Ref_1",15.3829067555708,0
"5P_1_7_chr14_76371348_76371349_NM_004452.3(ESRRB):c.-369G|A_NM_004452.3_utr5_0_0_chr14_76371347_f_Mut_1",408.977255565067,0
"5P_1_7_chr14_76371348_76371349_NM_004452.3(ESRRB):c.-369G|A_NM_004452.3_utr5_0_0_chr14_76371347_f_Ref_2",69.8036748621925,0
"5P_1_7_chr14_76371393_76371394_NM_004452.3(ESRRB):c.-324G|A_NM_004452.3_utr5_0_0_chr14_76371347_f_Mut_1",22.9699397257965,0
"5P_1_7_chr14_76371417_76371418_NM_004452.3(ESRRB):c.-300A|G_NM_004452.3_utr5_0_0_chr14_76371347_f_Mut_1",70.3418837029298,0
"5P_1_7_chr14_76371425_76371426_NM_004452.3(ESRRB):c.-292C|A_NM_004452.3_utr5_0_0_chr14_76371347_f_Mut_1",13.4079123874593,0
"5P_1_7_chr14_76371425_76371426_NM_004452.3(ESRRB):c.-292C|A_NM_004452.3_utr5_0_0_chr14_76371347_f_Ref_1",19.0475049009611,0
"5P_1_7_chr14_76371481_76371482_NM_004452.3(ESRRB):c.-236C|T_NM_004452.3_utr5_0_0_chr14_76371347_f_Mut_1",109.549469354917,0
"5P_1_7_chr14_76371481_76371482_NM_004452.3(ESRRB):c.-236C|T_NM_004452.3_utr5_0_0_chr14_76371347_f_Ref_1",47.9696570315785,0
"5P_1_7_chr14_76371506_76371507_NM_004452.3(ESRRB):c.-211A|G_NM_004452.3_utr5_0_0_chr14_76371347_f_Mut_1",20.9053309525721,0
"5P_1_7_chr14_76371506_76371507_NM_004452.3(ESRRB):c.-211A|G_NM_004452.3_utr5_0_0_chr14_76371347_f_Ref_1",44.9296325144555,0
"5P_1_7_chr14_76371526_76371527_NM_004452.3(ESRRB):c.-191T|C_NM_004452.3_utr5_0_0_chr14_76371347_f_Mut_1",35.9386386915972,0
"5P_1_7_chr14_80955620_80955621_NM_000369.2(TSHR):c.-60G|A_NM_001018036.2_utr5_0_0_chr14_80955525_f_Mut_1",33.9099842440089,0
"5P_1_7_chr14_80955620_80955621_NM_000369.2(TSHR):c.-60G|A_NM_001018036.2_utr5_0_0_chr14_80955525_f_Ref_1",43.0709252565307,0
"5P_1_7_chr14_88385706_88385707_NM_018418.4(SPATA7):c.-112A|C_NM_001040428.3_utr5_0_0_chr14_88385644_f_Mut_1",35.5380463589541,0
"5P_1_7_chr14_88385706_88385707_NM_018418.4(SPATA7):c.-112A|C_NM_001040428.3_utr5_0_0_chr14_88385644_f_Ref_1",48.61553658452,0
"5P_1_7_chr14_88385707_88385708_NM_018418.4(SPATA7):c.-111G|A_NM_001040428.3_utr5_0_0_chr14_88385644_f_Mut_1",97.8281788012411,0
"5P_1_7_chr14_88385707_88385708_NM_018418.4(SPATA7):c.-111G|A_NM_001040428.3_utr5_0_0_chr14_88385644_f_Ref_1",43.1463455167579,0
"5P_1_7_chr14_88385756_88385757_NM_018418.4(SPATA7):c.-62G|A_NM_001040428.3_utr5_0_0_chr14_88385644_f_Mut_1",88.0084452240361,0
"5P_1_7_chr14_88385786_88385787_NM_018418.4(SPATA7):c.-32G|T_NM_001040428.3_utr5_0_0_chr14_88385644_f_Mut_1",45.3694963023337,0
"5P_1_7_chr14_88385786_88385787_NM_018418.4(SPATA7):c.-32G|T_NM_001040428.3_utr5_0_0_chr14_88385644_f_Ref_1",116.899359162656,0
"5P_1_7_chr14_88824663_88824664_NM_198309.3(TTC8):c.-44C|T_NM_001288783.1_utr5_1_0_chr14_88824574_f_Mut_1",65.055518860587,0
"5P_1_7_chr14_88824663_88824664_NM_198309.3(TTC8):c.-44C|T_NM_001288783.1_utr5_1_0_chr14_88824574_f_Ref_1",29.3244914141337,0
"5P_1_7_chr14_88824669_88824670_NM_198309.3(TTC8):c.-38C|A_NM_001288783.1_utr5_1_0_chr14_88824574_f_Mut_1",180.050188444606,0
"5P_1_7_chr14_89956731_89956732_NM_018319.3(TDP1):c.-76T|C_NM_018319.3_utr5_1_0_chr14_89956578_f_Mut_1",180.30199971687,1
"5P_1_7_chr14_89956731_89956732_NM_018319.3(TDP1):c.-76T|C_NM_018319.3_utr5_1_0_chr14_89956578_f_Ref_1",54.5929274755623,1
"5P_1_7_chr14_89956752_89956753_NM_018319.3(TDP1):c.-55C|G_NM_018319.3_utr5_1_0_chr14_89956578_f_Mut_1",11.3409101974573,1
"5P_1_7_chr14_89956752_89956753_NM_018319.3(TDP1):c.-55C|G_NM_018319.3_utr5_1_0_chr14_89956578_f_Ref_1",37.9757974992807,1
"5P_1_7_chr14_96797371_96797372_NM_003384.2(VRK1):c.-81C|T_NM_003384.2_utr5_0_0_chr14_96797347_f_Mut_1",24.2196664622431,0
"5P_1_7_chr14_96797371_96797372_NM_003384.2(VRK1):c.-81C|T_NM_003384.2_utr5_0_0_chr14_96797347_f_Ref_1",72.4249659592018,0
"5P_1_7_chr15_24823695_24823696_NM_022807.4(SNRPN):c.-841T|A_NM_022808.3_utr5_0_0_chr15_24823637_f_Mut_1",22.2971194035729,1
"5P_1_7_chr15_24823695_24823696_NM_022807.4(SNRPN):c.-841T|A_NM_022808.3_utr5_0_0_chr15_24823637_f_Ref_1",26.2751659327564,1
"5P_2_1_chr11_108223042_108223043_(A-G)_-4582_to_initiation_codon_NM_000051.3_utr5_0_0_chr11_108222832_f_Mut_1",86.2213210354701,1
"5P_2_1_chr11_108223042_108223043_(A-G)_-4582_to_initiation_codon_NM_000051.3_utr5_0_0_chr11_108222832_f_Ref_1",34.4833762985378,1
"5P_2_1_chr11_108223780_108223781_(G-A)_-3844_to_initiation_codon_ENST00000530958.5_utr5_0_0_chr11_108223103_f_Mut_1",80.8920501881847,1
"5P_2_1_chr11_108223780_108223781_(G-A)_-3844_to_initiation_codon_ENST00000530958.5_utr5_0_0_chr11_108223103_f_Ref_1",79.8978610975921,1
"5P_2_1_chr11_119084911_119084912_(T-A)_-122_to_initiation_codon_NM_001258209.1_utr5_0_0_chr11_119084877_f_Mut_1",14.352157099956,0
"5P_2_1_chr11_119084911_119084912_(T-A)_-122_to_initiation_codon_NM_001258209.1_utr5_0_0_chr11_119084877_f_Ref_2",13.9254761950372,0
"5P_2_1_chr11_119085005_119085006_(A-C)_-28_to_initiation_codon_NM_001258209.1_utr5_0_0_chr11_119084877_f_Mut_1",13.4116568815183,0
"5P_2_1_chr11_119085005_119085006_(A-C)_-28_to_initiation_codon_NM_001258209.1_utr5_0_0_chr11_119084877_f_Ref_1",16.5538959119957,0
"5P_2_1_chr12_120978550_120978551_(T-C)_-218_to_initiation_codon_ENST00000257555.10_utr5_0_0_chr12_120978543_f_Mut_1",34.2057570448665,0
"5P_2_1_chr12_120978550_120978551_(T-C)_-218_to_initiation_codon_ENST00000257555.10_utr5_0_0_chr12_120978543_f_Ref_1",21.7505470838282,0
"5P_2_1_chr12_120978581_120978582_(C-A)_-187_to_initiation_codon_NM_000545.6_utr5_0_0_chr12_120978568_f_Mut_1",59.1412606022518,1
"5P_2_1_chr12_120978581_120978582_(C-A)_-187_to_initiation_codon_NM_000545.6_utr5_0_0_chr12_120978568_f_Ref_2",40.9823016113208,1
"5P_2_1_chr12_120978581_120978582_(C-T)_-187_to_initiation_codon_NM_000545.6_utr5_0_0_chr12_120978568_f_Mut_1",119.066651585426,1
"5P_2_1_chr12_120978644_120978645_(G-C)_-124_to_initiation_codon_NM_000545.6_utr5_0_0_chr12_120978568_f_Mut_1",65.9495249808895,1
"5P_2_1_chr12_120978644_120978645_(G-C)_-124_to_initiation_codon_NM_000545.6_utr5_0_0_chr12_120978568_f_Ref_1",59.9978720098184,1
"5P_2_1_chr12_120978649_120978650_(G-A)_-119_to_initiation_codon_NM_000545.6_utr5_0_0_chr12_120978568_f_Mut_1",137.000005174942,1
"5P_2_1_chr12_120978649_120978650_(G-A)_-119_to_initiation_codon_NM_000545.6_utr5_0_0_chr12_120978568_f_Ref_1",43.5214195002395,1
"5P_2_1_chr12_120978671_120978672_(T-G)_-97_to_initiation_codon_NM_000545.6_utr5_0_0_chr12_120978568_f_Mut_1",50.4314165530795,1
"5P_2_1_chr12_120978671_120978672_(T-G)_-97_to_initiation_codon_NM_000545.6_utr5_0_0_chr12_120978568_f_Ref_1",18.3938400261736,1
"5P_2_1_chr12_12717832_12717833_(G-C)_-7_to_initiation_codon_NM_004064.4_utr5_0_0_chr12_12717270_f_Mut_1",57.8886229946745,1
"5P_2_1_chr12_12717832_12717833_(G-C)_-7_to_initiation_codon_NM_004064.4_utr5_0_0_chr12_12717270_f_Ref_1",60.4918053956576,1
"5P_2_1_chr19_11089409_11089410_(C-G)_-139_to_initiation_codon_NM_001195799.1_utr5_0_0_chr19_11089362_f_Mut_2",35.4618546678615,0
"5P_2_1_chr19_11089412_11089413_(C-G)_-136_to_initiation_codon_NM_001195799.1_utr5_0_0_chr19_11089362_f_Mut_2",71.6222444913642,0
"5P_2_1_chr19_11089525_11089526_(A-C)_-23_to_initiation_codon_NM_001195799.1_utr5_0_0_chr19_11089362_f_Mut_2",72.3926897584332,0
"5P_2_1_chr19_11089525_11089526_(A-C)_-23_to_initiation_codon_NM_001195799.1_utr5_0_0_chr19_11089362_f_Ref_9",17.4201195474295,0
"5P_2_1_chr19_11089535_11089536_(A-G)_-13_to_initiation_codon_NM_001195799.1_utr5_0_0_chr19_11089362_f_Mut_2",20.6255162493042,0
"5P_2_1_chr19_35282424_35282425_(C-T)_-153_to_initiation_codon_NM_021175.3_utr5_0_0_chr19_35282346_f_Mut_1",16.3030269721496,0
"5P_2_1_chr19_35282424_35282425_(C-T)_-153_to_initiation_codon_NM_021175.3_utr5_0_0_chr19_35282346_f_Ref_1",360.86862461298,0
"5P_2_1_chr19_35282549_35282550_(G-T)_-28_to_initiation_codon_NM_021175.3_utr5_0_0_chr19_35282346_f_Ref_3",16.0900685269524,0
"5P_2_1_chr19_35282552_35282553_(G-A)_-25_to_initiation_codon_NM_021175.3_utr5_0_0_chr19_35282346_f_Mut_1",30.9102286080375,0
"5P_2_1_chr19_852325_852326_(A-T)_-3_to_initiation_codon_NM_001972.3_utr5_0_0_chr19_852209_f_Mut_1",12.7511053014166,0
"5P_2_1_chr2_202376805_202376806_(G-A)_-669_to_initiation_codon_NM_001204.6_utr5_0_0_chr2_202376327_f_Mut_2",33.989778015365,0
"5P_2_1_chr20_25407760_25407761_(A-G)_-60_to_initiation_codon_NM_021067.4_utr5_0_0_chr20_25407683_f_Mut_1",72.6882862745411,1
"5P_2_1_chr20_25407760_25407761_(A-G)_-60_to_initiation_codon_NM_021067.4_utr5_0_0_chr20_25407683_f_Ref_1",119.711014718857,1
"5P_2_1_chr20_59300687_59300688_(G-A)_-125_to_initiation_codon_NM_001302456.1_utr5_0_0_chr20_59300427_f_Ref_1",14.7747356028247,0
"5P_2_1_chr20_59300793_59300794_(C-A)_-19_to_initiation_codon_NM_001302456.1_utr5_0_0_chr20_59300427_f_Mut_1",65.8058243772446,0
"5P_2_1_chr20_59300793_59300794_(C-A)_-19_to_initiation_codon_NM_001302456.1_utr5_0_0_chr20_59300427_f_Ref_2",80.6351460005191,0
"5P_2_1_chr22_40346509_40346510_(T-C)_-49_to_initiation_codon_NM_001317923.1_utr5_0_0_chr22_40346500_f_Mut_1",223.440257046653,0
"5P_2_1_chr22_40346509_40346510_(T-C)_-49_to_initiation_codon_NM_001317923.1_utr5_0_0_chr22_40346500_f_Ref_4",37.4597394163847,0
"5P_2_1_chr3_30606824_30606825_(C-T)_-59_to_initiation_codon_NM_003242.5_utr5_0_0_chr3_30606502_f_Mut_1",140.383799624015,0
"5P_2_1_chr3_30606824_30606825_(C-T)_-59_to_initiation_codon_NM_003242.5_utr5_0_0_chr3_30606502_f_Ref_1",24.0561710139695,0
"5P_2_1_chr4_144646674_144646675_(G-C)_-1_to_initiation_codon_NM_022475.2_utr5_0_0_chr4_144645996_f_Mut_1",39.805978278173,0
"5P_2_1_chr4_158672381_158672382_(A-G)_-75_to_initiation_codon_NM_001281737.1_utr5_0_0_chr4_158672101_f_Mut_1",15.715689198773,0
"5P_2_1_chr4_158672381_158672382_(A-G)_-75_to_initiation_codon_NM_001281737.1_utr5_0_0_chr4_158672101_f_Ref_1",52.2004056622581,0
"5P_2_1_chr5_112707522_112707523_(A-C)_-47368_to_initiation_codon_NM_001127511.2_utr5_0_0_chr5_112707505_f_Mut_2",438.692374099888,0
"5P_2_1_chr5_134371233_134371234_(A-G)_-362_to_initiation_codon_NM_003337.3_utr5_0_0_chr5_134371176_f_Mut_1",105.677302887408,0
"5P_2_1_chr5_134371233_134371234_(A-G)_-362_to_initiation_codon_NM_003337.3_utr5_0_0_chr5_134371176_f_Ref_1",41.0593679558309,0
"5P_2_1_chr5_150648251_150648252_(G-A)_-24_to_initiation_codon_NM_001109974.2_utr5_1_0_chr5_150647944_f_Mut_1",76.1664664453167,0
"5P_2_1_chr5_76716240_76716241_(G-C)_-67_to_initiation_codon_NM_001311313.1_utr5_0_0_chr5_76716043_f_Ref_1",34.3135923047474,0
"5P_2_1_chr6_26087420_26087421_(G-A)_-20_to_initiation_codon_NM_139011.2_utr5_0_0_chr6_26087281_f_Mut_1",35.8339490702957,1
"5P_2_1_chr6_26087420_26087421_(G-A)_-20_to_initiation_codon_NM_139011.2_utr5_0_0_chr6_26087281_f_Ref_2",28.3491809790876,1
"5P_2_1_chr7_117480009_117480010_(C-G)_-85_to_initiation_codon_NM_000492.3_utr5_0_0_chr7_117479963_f_Mut_1",11.8730343209077,0
"5P_2_1_chr7_117480060_117480061_(C-T)_-34_to_initiation_codon_NM_000492.3_utr5_0_0_chr7_117479963_f_Mut_1",53.1895513370808,0
"5P_2_1_chr7_117480060_117480061_(C-T)_-34_to_initiation_codon_NM_000492.3_utr5_0_0_chr7_117479963_f_Ref_3",55.5529127758906,0
"5P_2_1_chr8_11708306_11708307_(G-C)_-6_to_initiation_codon_NM_002052.4_utr5_1_0_chr8_11707856_f_Mut_1",27.2278156728701,0
"5P_2_1_chr8_11708306_11708307_(G-C)_-6_to_initiation_codon_NM_002052.4_utr5_1_0_chr8_11707856_f_Ref_1",19.6898213552238,0
"5P_2_1_chr9_34646608_34646609_(T-G)_-96_to_initiation_codon_NM_001258332.1_utr5_0_0_chr9_34646589_f_Mut_1",147.621403338712,1
"5P_2_1_chrX_154762823_154762824_(C-G)_-142_to_initiation_codon_NM_001142463.2_utr5_0_0_chrX_154762742_f_Mut_2",17.5374025313741,0
"5P_2_1_chrX_154762823_154762824_(C-G)_-142_to_initiation_codon_NM_001142463.2_utr5_0_0_chrX_154762742_f_Ref_2",23.3040897931193,0
"5P_2_1_chrX_154762824_154762825_(C-G)_-141_to_initiation_codon_NM_001142463.2_utr5_0_0_chrX_154762742_f_Mut_1",83.9358926736678,0
"5P_2_1_chrX_67544599_67544600_(C-T)_-547_to_initiation_codon_NM_000044.3_utr5_0_0_chrX_67544032_f_Mut_1",98.8535379730481,0
"5P_2_1_chrX_67544599_67544600_(C-T)_-547_to_initiation_codon_NM_000044.3_utr5_0_0_chrX_67544032_f_Ref_1",37.7233588726351,0
"5P_2_1_chrX_68829681_68829682_(T-C)_-95_to_initiation_codon_NM_004429.4_utr5_0_0_chrX_68828997_f_Mut_1",58.6762764042193,0
"5P_2_1_chrX_68829681_68829682_(T-C)_-95_to_initiation_codon_NM_004429.4_utr5_0_0_chrX_68828997_f_Ref_2",36.5614789439739,0
"5P_2_1_chrX_68829681_68829682_(T-G)_-95_to_initiation_codon_NM_004429.4_utr5_0_0_chrX_68828997_f_Mut_1",13.9164235852286,0
"5P_2_1_chrX_71223334_71223335_(G-A)_-373_to_initiation_codon_NM_000166.5_utr5_0_0_chrX_71223206_f_Ref_3",18.8549904351084,0
"5P_2_2_chr1_11012633_11012634_(G-A)_-1094_to_initiation_codon_NM_007375.3_utr5_0_0_chr1_11012622_f_Mut_1",27.4516010229194,1
"5P_2_2_chr1_11012633_11012634_(G-A)_-1094_to_initiation_codon_NM_007375.3_utr5_0_0_chr1_11012622_f_Ref_5",47.1535930988925,1
"5P_2_2_chr10_58385456_58385457_(C-A)_-91_to_initiation_codon_NM_001270782.1_utr5_0_0_chr10_58385143_f_Mut_1",68.3232571876045,0
"5P_2_2_chr10_58385456_58385457_(C-A)_-91_to_initiation_codon_NM_001270782.1_utr5_0_0_chr10_58385143_f_Ref_1",35.5219394986275,0
"5P_2_2_chr16_31180177_31180178_(C-T)_-37_to_initiation_codon_NM_001170634.1_utr5_0_0_chr16_31180110_f_Mut_1",120.380587735098,0
"5P_2_2_chr16_68737344_68737345_(C-G)_-71_to_initiation_codon_NM_001317186.1_utr5_0_0_chr16_68737290_f_Mut_1",120.557423246306,0
"5P_2_2_chr16_68737344_68737345_(C-G)_-71_to_initiation_codon_NM_001317186.1_utr5_0_0_chr16_68737290_f_Ref_1",78.1175782503271,0
"5P_2_2_chr16_86578601_86578602_(G-T)_-122_to_initiation_codon_NM_005250.2_utr5_0_0_chr16_86578509_f_Mut_1",26.9318602224763,1
"5P_2_2_chr16_86578601_86578602_(G-T)_-122_to_initiation_codon_NM_005250.2_utr5_0_0_chr16_86578509_f_Ref_1",17.7829837801842,1
"5P_2_2_chr19_35282505_35282506_(C-T)_-72_to_initiation_codon_NM_021175.3_utr5_0_0_chr19_35282346_f_Mut_1",350.614920156129,0
"5P_2_2_chr19_35282505_35282506_(C-T)_-72_to_initiation_codon_NM_021175.3_utr5_0_0_chr19_35282346_f_Ref_1",34.0831980830967,0
"5P_2_2_chr19_852287_852288_(C-A)_-41_to_initiation_codon_NM_001972.3_utr5_0_0_chr19_852209_f_Mut_1",26.8746443026689,0
"5P_2_2_chr20_44355725_44355726_(C-T)_-79_to_initiation_codon_ENST00000316673.8_utr5_0_0_chr20_44355700_f_Ref_2",163.665849878754,0
"5P_2_2_chr20_58389426_58389427_(C-G)_-33_to_initiation_codon_NM_001195677.1_utr5_0_0_chr20_58389119_f_Ref_2",60.7783397467368,1
"5P_2_2_chr3_30606546_30606547_(T-A)_-337_to_initiation_codon_NM_003242.5_utr5_0_0_chr3_30606502_f_Mut_1",34.325126786095,0
"5P_2_2_chr3_30606546_30606547_(T-A)_-337_to_initiation_codon_NM_003242.5_utr5_0_0_chr3_30606502_f_Ref_3",19.1224188489427,0
"5P_2_2_chr3_30606875_30606876_(G-A)_-8_to_initiation_codon_NM_003242.5_utr5_0_0_chr3_30606502_f_Mut_2",30.3642213403506,0
"5P_2_2_chr3_30606875_30606876_(G-A)_-8_to_initiation_codon_NM_003242.5_utr5_0_0_chr3_30606502_f_Ref_3",17.383022827037,0
"5P_2_2_chr5_134371184_134371185_(T-G)_-411_to_initiation_codon_NM_003337.3_utr5_0_0_chr5_134371176_f_Mut_1",23.6936052284193,0
"5P_2_2_chr5_134371184_134371185_(T-G)_-411_to_initiation_codon_NM_003337.3_utr5_0_0_chr5_134371176_f_Ref_1",16.2076625803577,0
"5P_2_2_chr6_26087433_26087434_(T-C)_-7_to_initiation_codon_NM_139011.2_utr5_0_0_chr6_26087281_f_Mut_1",145.680831450333,1
"5P_2_2_chr9_132978581_132978582_(A-G)_-8097_to_initiation_codon_NM_004188.6_utr5_4_0_chr9_132978507_f_Mut_1",21.6004029255289,0
"5P_2_2_chr9_132978581_132978582_(A-G)_-8097_to_initiation_codon_NM_004188.6_utr5_4_0_chr9_132978507_f_Ref_1",64.2710626203988,0
"5P_2_2_chr9_132978588_132978589_(T-C)_-8090_to_initiation_codon_NM_004188.6_utr5_4_0_chr9_132978507_f_Mut_1",35.8316160471068,1
"5P_2_2_chr9_132978588_132978589_(T-C)_-8090_to_initiation_codon_NM_004188.6_utr5_4_0_chr9_132978507_f_Ref_1",114.368046036684,1
"5P_2_2_chr9_2717737_2717738_(C-T)_-2_to_initiation_codon_NM_133497.3_utr5_0_0_chr9_2717526_f_Mut_2",148.722571612832,0
"5P_2_2_chr9_2717737_2717738_(C-T)_-2_to_initiation_codon_NM_133497.3_utr5_0_0_chr9_2717526_f_Ref_6",81.1114265860578,0
"5P_2_2_chr9_72616414_72616415_(A-C)_-32234_to_initiation_codon_NM_138691.2_utr5_2_0_chr9_72616368_f_Mut_1",17.3078237207156,1
"5P_2_2_chrX_67544233_67544234_(C-A)_-913_to_initiation_codon_NM_000044.3_utr5_0_0_chrX_67544032_f_Mut_1",38.6549722961088,1
"5P_2_2_chrX_67544233_67544234_(C-A)_-913_to_initiation_codon_NM_000044.3_utr5_0_0_chrX_67544032_f_Ref_1",23.1852707261457,1
"5P_2_3_chr1_158254491_158254492_(A-G)_-178_to_initiation_codon_NM_001763.2_utr5_0_0_chr1_158254137_f_Mut_1",95.4159853883902,1
"5P_2_3_chr1_207321567_207321568_(C-G)_-198_to_initiation_codon_NM_000574.4_utr5_0_0_chr1_207321472_f_Mut_1",22.4519178985261,1
"5P_2_3_chr1_207321567_207321568_(C-G)_-198_to_initiation_codon_NM_000574.4_utr5_0_0_chr1_207321472_f_Ref_1",78.174250153839,1
"5P_2_3_chr1_22024340_22024341_(T-C)_-54138_to_initiation_codon_ENST00000635097.1_utr5_0_0_chr1_22023997_r_Mut_1",29.4863252127375,0
"5P_2_3_chr1_22024340_22024341_(T-C)_-54138_to_initiation_codon_ENST00000635097.1_utr5_0_0_chr1_22023997_r_Ref_1",21.2931500033858,0
"5P_2_3_chr1_63322419_63322420_(G-T)_-639_to_initiation_codon_ENST00000418244.5_utr5_3_0_chr1_63322316_r_Mut_1",83.6501363421962,0
"5P_2_3_chr1_63322419_63322420_(G-T)_-639_to_initiation_codon_ENST00000418244.5_utr5_3_0_chr1_63322316_r_Ref_1",301.207579706746,0
"5P_2_3_chr10_122560677_122560678_(C-T)_-93_to_initiation_codon_NM_017579.2_utr5_0_0_chr10_122560665_f_Mut_1",28.411927508089,1
"5P_2_3_chr10_122560677_122560678_(C-T)_-93_to_initiation_codon_NM_017579.2_utr5_0_0_chr10_122560665_f_Ref_1",17.4514726948056,1
"5P_2_3_chr10_99782820_99782821_(C-T)_-24_to_initiation_codon_NM_000392.4_utr5_0_0_chr10_99782598_f_Mut_1",65.8590660032879,1
"5P_2_3_chr10_99782820_99782821_(C-T)_-24_to_initiation_codon_NM_000392.4_utr5_0_0_chr10_99782598_f_Ref_2",19.55234145399,1
"5P_2_3_chr11_108223105_108223106_(G-A)_-4519_to_initiation_codon_NM_000051.3_utr5_0_0_chr11_108222832_f_Mut_1",23.7282884526359,0
"5P_2_3_chr11_108223105_108223106_(G-A)_-4519_to_initiation_codon_NM_000051.3_utr5_0_0_chr11_108222832_f_Ref_1",24.6882073990429,0
"5P_2_3_chr11_113975283_113975284_(C-T)_-24_to_initiation_codon_NM_000869.5_utr5_0_0_chr11_113975075_f_Ref_1",63.6687715965888,0
"5P_2_3_chr11_18322516_18322517_(C-T)_-10558_to_initiation_codon_NM_005316.3_utr5_0_0_chr11_18322269_f_Mut_1",34.2283537201081,0
"5P_2_3_chr11_18322516_18322517_(C-T)_-10558_to_initiation_codon_NM_005316.3_utr5_0_0_chr11_18322269_f_Ref_1",277.662257802663,0
"5P_2_3_chr12_120978640_120978641_(T-G)_-128_to_initiation_codon_NM_000545.6_utr5_0_0_chr12_120978568_f_Mut_1",25.3921870294871,1
"5P_2_3_chr12_120978640_120978641_(T-G)_-128_to_initiation_codon_NM_000545.6_utr5_0_0_chr12_120978568_f_Ref_1",51.2275707681641,1
"5P_2_3_chr12_12717760_12717761_(C-T)_-79_to_initiation_codon_NM_004064.4_utr5_0_0_chr12_12717270_f_Mut_1",60.1199074849288,1
"5P_2_3_chr12_12717760_12717761_(C-T)_-79_to_initiation_codon_NM_004064.4_utr5_0_0_chr12_12717270_f_Ref_1",155.259147953353,1
"5P_2_3_chr12_12717766_12717767_(G-A)_-73_to_initiation_codon_NM_004064.4_utr5_0_0_chr12_12717270_f_Mut_1",47.6921545225543,1
"5P_2_3_chr13_102845847_102845848_(G-A)_-419_to_initiation_codon_NM_000123.3_utr5_0_0_chr13_102845841_f_Mut_1",63.6114113152008,1
"5P_2_3_chr13_102845847_102845848_(G-A)_-419_to_initiation_codon_NM_000123.3_utr5_0_0_chr13_102845841_f_Ref_1",26.5147690712245,1
"5P_2_3_chr14_20454989_20454990_(T-G)_-656_to_initiation_codon_NM_017807.3_utr5_10_0_chr14_20454684_r_Mut_1",39.2434115594688,1
"5P_2_3_chr14_20454989_20454990_(T-G)_-656_to_initiation_codon_NM_017807.3_utr5_10_0_chr14_20454684_r_Ref_1",40.4822786192286,1
"5P_2_3_chr16_56961914_56961915_(G-A)_-65_to_initiation_codon_ENST00000200676.7_utr5_0_0_chr16_56961850_f_Mut_1",12.2514688269019,0
"5P_2_3_chr17_78214285_78214286_(C-G)_-31_to_initiation_codon_NM_001012270.1_utr5_0_0_chr17_78214196_f_Ref_1",46.6425352786597,0
"5P_2_3_chr19_45406675_45406676_(G-A)_-21_to_initiation_codon_NM_012099.1_utr5_0_0_chr19_45406209_f_Mut_1",81.7865040708111,0
"5P_2_3_chr19_45406675_45406676_(G-A)_-21_to_initiation_codon_NM_012099.1_utr5_0_0_chr19_45406209_f_Ref_1",34.8401307022257,0
"5P_2_3_chr3_105367240_105367241_(C-T)_-168_to_initiation_codon_NM_001243283.1_utr5_0_0_chr3_105366713_f_Mut_1",59.2527180186915,0
"5P_2_3_chr3_105367240_105367241_(C-T)_-168_to_initiation_codon_NM_001243283.1_utr5_0_0_chr3_105366713_f_Ref_1",48.1093977535218,0
"5P_2_3_chr5_111071043_111071044_(C-T)_-847_to_initiation_codon_NR_045089.1_utr5_0_0_chr5_111070080_f_Mut_1",27.7719269363332,1
"5P_2_3_chr5_111071043_111071044_(C-T)_-847_to_initiation_codon_NR_045089.1_utr5_0_0_chr5_111070080_f_Ref_1",43.7333429887007,1
"5P_2_3_chr5_111071808_111071809_(C-T)_-82_to_initiation_codon_NM_033035.4_utr5_0_0_chr5_111071692_f_Mut_1",104.72563218585,0
"5P_2_3_chr5_111071808_111071809_(C-T)_-82_to_initiation_codon_NM_033035.4_utr5_0_0_chr5_111071692_f_Ref_1",54.0788650484625,0
"5P_2_3_chr5_150847862_150847863_(C-T)_-261_to_initiation_codon_NM_001145805.1_utr5_1_0_chr5_150847709_f_Mut_1",73.93765362202,1
"5P_2_3_chr5_150847862_150847863_(C-T)_-261_to_initiation_codon_NM_001145805.1_utr5_1_0_chr5_150847709_f_Ref_1",128.016222004175,1
"5P_2_3_chr5_69167186_69167187_(T-G)_-76_to_initiation_codon_NM_031966.3_utr5_0_0_chr5_69167010_f_Mut_1",56.1447830971573,0
"5P_2_3_chr5_69167186_69167187_(T-G)_-76_to_initiation_codon_NM_031966.3_utr5_0_0_chr5_69167010_f_Ref_1",116.915698232309,0
"5P_2_3_chr6_26458036_26458037_(C-T)_-600_to_initiation_codon_NM_001197234.2_utr5_0_0_chr6_26457904_f_Mut_1",37.3074176747866,1
"5P_2_3_chr6_26458036_26458037_(C-T)_-600_to_initiation_codon_NM_001197234.2_utr5_0_0_chr6_26457904_f_Ref_1",25.0453177686804,1
"5P_2_3_chr6_31815729_31815730_(G-C)_-27_to_initiation_codon_NM_005345.5_utr5_0_0_chr6_31815514_f_Mut_1",33.0649707976981,0
"5P_2_3_chr6_31815729_31815730_(G-C)_-27_to_initiation_codon_NM_005345.5_utr5_0_0_chr6_31815514_f_Ref_1",238.084577548139,0
"5P_2_3_chr6_31827772_31827773_(C-T)_-178_to_initiation_codon_NM_005346.4_utr5_0_0_chr6_31827735_f_Mut_1",69.4773490736898,0
"5P_2_3_chr6_43770612_43770613_(G-C)_-94_to_initiation_codon_NM_001171630.1_utr5_0_0_chr6_43770209_f_Mut_2",53.4844500130331,0
"5P_2_3_chr6_43770612_43770613_(G-C)_-94_to_initiation_codon_NM_001171630.1_utr5_0_0_chr6_43770209_f_Ref_2",25.017250842041,0
"5P_2_3_chr7_155296032_155296033_(G-T)_-2253_to_initiation_codon_ENST00000609974.1_utr5_0_0_chr7_155295918_r_Mut_1",12.8043465173416,1
"5P_2_3_chr7_155296032_155296033_(G-T)_-2253_to_initiation_codon_ENST00000609974.1_utr5_0_0_chr7_155295918_r_Ref_1",24.2370809101531,1
"5P_2_3_chr7_86644770_86644771_(G-A)_-120375_to_initiation_codon_NM_000840.2_utr5_0_0_chr7_86643914_f_Mut_1",10.8460083406429,0
"5P_2_3_chr7_86644770_86644771_(G-A)_-120375_to_initiation_codon_NM_000840.2_utr5_0_0_chr7_86643914_f_Ref_1",32.1013056306209,0
"5P_2_3_chr7_91264786_91264787_(G-C)_-94_to_initiation_codon_NM_003505.1_utr5_0_0_chr7_91264468_f_Mut_1",115.207736954351,0
"5P_2_3_chr8_11494402_11494403_(C-T)_-48822_to_initiation_codon_NM_001715.2_utr5_0_0_chr8_11494012_f_Mut_1",75.6471352615487,0
"5P_2_3_chr8_11494402_11494403_(C-T)_-48822_to_initiation_codon_NM_001715.2_utr5_0_0_chr8_11494012_f_Ref_1",44.0638695380381,0
"5P_2_3_chr8_38995749_38995750_(T-C)_-1314_to_initiation_codon_NM_031940.3_utr5_2_0_chr8_38995504_r_Mut_1",71.5222446542192,1
"5P_2_3_chr8_38995749_38995750_(T-C)_-1314_to_initiation_codon_NM_031940.3_utr5_2_0_chr8_38995504_r_Ref_1",70.2237157395586,1
"5P_2_3_chr8_42697489_42697490_(A-G)_-57_to_initiation_codon_NM_000749.3_utr5_0_0_chr8_42697419_f_Mut_1",115.654074136581,1
"5P_2_3_chr8_42697489_42697490_(A-G)_-57_to_initiation_codon_NM_000749.3_utr5_0_0_chr8_42697419_f_Ref_1",54.0650588544898,1
"5P_2_3_chr9_87725947_87725948_(C-A)_-1656_to_initiation_codon_ENST00000343150.9_utr5_0_0_chr9_87725519_f_Mut_1",27.1469239149385,0
"5P_2_3_chr9_87725947_87725948_(C-A)_-1656_to_initiation_codon_ENST00000343150.9_utr5_0_0_chr9_87725519_f_Ref_1",63.0930275756588,0
"5P_2_4_chr1_154405421_154405422_(G-A)_-208_to_initiation_codon_NM_001206866.1_utr5_0_0_chr1_154405193_f_Ref_1",26.834710303397,0
"5P_2_4_chr1_171258076_171258077_(T-C)_-11_to_initiation_codon_ENST00000354841.4_utr5_0_0_chr1_171257957_f_Mut_1",66.7302016057332,1
"5P_2_4_chr1_171258076_171258077_(T-C)_-11_to_initiation_codon_ENST00000354841.4_utr5_0_0_chr1_171257957_f_Ref_1",43.8529067934177,1
"5P_2_4_chr1_196977644_196977645_(T-C)_-20_to_initiation_codon_NM_030787.3_utr5_0_0_chr1_196977537_f_Mut_1",27.7364920424629,1
"5P_2_4_chr1_196977644_196977645_(T-C)_-20_to_initiation_codon_NM_030787.3_utr5_0_0_chr1_196977537_f_Ref_1",30.2228408083317,1
"5P_2_4_chr10_123008775_123008776_(A-G)_-254_to_initiation_codon_ENST00000368886.9_utr5_4_0_chr10_123008694_r_Mut_1",18.706726957937,0
"5P_2_4_chr10_123008775_123008776_(A-G)_-254_to_initiation_codon_ENST00000368886.9_utr5_4_0_chr10_123008694_r_Ref_1",21.2743907838005,0
"5P_2_4_chr10_26216566_26216567_(G-A)_-243_to_initiation_codon_NM_001134366.1_utr5_0_0_chr10_26216307_f_Mut_1",92.2779202892056,1
"5P_2_4_chr10_26216566_26216567_(G-A)_-243_to_initiation_codon_NM_001134366.1_utr5_0_0_chr10_26216307_f_Ref_1",64.0973559092781,1
"5P_2_4_chr14_51651173_51651174_(C-T)_-38663_to_initiation_codon_ENST00000617151.1_utr5_0_0_chr14_51649516_r_Mut_1",19.475652135088,0
"5P_2_4_chr14_51651173_51651174_(C-T)_-38663_to_initiation_codon_ENST00000617151.1_utr5_0_0_chr14_51649516_r_Ref_1",15.7919126193239,0
"5P_2_4_chr15_32030508_32030509_(C-T)_-86_to_initiation_codon_NM_000746.5_utr5_0_0_chr15_32030483_f_Ref_1",60.4342701201115,0
"5P_2_4_chr15_32717276_32717277_(A-T)_-13414_to_initiation_codon_ENST00000558441.1_utr5_0_0_chr15_32717270_r_Mut_1",31.7999073634223,1
"5P_2_4_chr15_32717276_32717277_(A-T)_-13414_to_initiation_codon_ENST00000558441.1_utr5_0_0_chr15_32717270_r_Ref_1",54.9293720274281,1
"5P_2_4_chr15_32718210_32718211_(G-A)_-12480_to_initiation_codon_ENST00000558441.1_utr5_0_0_chr15_32717270_r_Mut_1",17.8323830705125,0
"5P_2_4_chr15_32718534_32718535_(G-A)_-12156_to_initiation_codon_ENST00000558441.1_utr5_0_0_chr15_32717270_r_Mut_1",79.6109548234066,0
"5P_2_4_chr15_32718534_32718535_(G-A)_-12156_to_initiation_codon_ENST00000558441.1_utr5_0_0_chr15_32717270_r_Ref_1",100.489850411934,0
"5P_2_4_chr16_4476290_4476291_(A-G)_-29234_to_initiation_codon_ENST00000570646.5_utr5_0_0_chr16_4475924_f_Mut_1",14.9524624431654,0
"5P_2_4_chr16_4476290_4476291_(A-G)_-29234_to_initiation_codon_ENST00000570646.5_utr5_0_0_chr16_4475924_f_Ref_1",44.4630587708426,0
"5P_2_4_chr19_10271150_10271151_(A-C)_-9_to_initiation_codon_NM_000201.2_utr5_0_0_chr19_10270841_f_Mut_1",16.42565718583,0
"5P_2_4_chr19_10271150_10271151_(A-C)_-9_to_initiation_codon_NM_000201.2_utr5_0_0_chr19_10270841_f_Ref_1",54.0186787139124,0
"5P_2_4_chr19_49930763_49930764_(T-C)_-87_to_initiation_codon_NM_012068.5_utr5_2_0_chr19_49930732_f_Mut_1",34.1282795650762,0
"5P_2_4_chr19_49930763_49930764_(T-C)_-87_to_initiation_codon_NM_012068.5_utr5_2_0_chr19_49930732_f_Ref_1",61.6490222072959,0
"5P_2_4_chr2_102141866_102141867_(T-C)_-15858_to_initiation_codon_NM_001320981.1_utr5_0_0_chr2_102141779_f_Mut_1",30.4796143463488,0
"5P_2_4_chr2_102141866_102141867_(T-C)_-15858_to_initiation_codon_NM_001320981.1_utr5_0_0_chr2_102141779_f_Ref_1",68.4457710868411,0
"5P_2_4_chr2_170816964_170816965_(A-G)_-1627_to_initiation_codon_NM_013445.3_utr5_0_0_chr2_170816690_f_Mut_1",17.8381205028024,0
"5P_2_4_chr2_170816964_170816965_(A-G)_-1627_to_initiation_codon_NM_013445.3_utr5_0_0_chr2_170816690_f_Ref_1",20.4003853768149,0
"5P_2_4_chr2_219572250_219572251_(A-G)_-124_to_initiation_codon_NM_002191.3_utr5_0_0_chr2_219572232_f_Ref_1",148.291255939825,0
"5P_2_4_chr2_219572358_219572359_(T-C)_-16_to_initiation_codon_NM_002191.3_utr5_0_0_chr2_219572232_f_Mut_1",79.0894889854409,0
"5P_2_4_chr4_147481216_147481217_(G-A)_-4465_to_initiation_codon_NM_001256283.1_utr5_0_0_chr4_147480917_f_Mut_1",21.1937121318773,0
"5P_2_4_chr5_148826784_148826785_(T-C)_-47_to_initiation_codon_NM_000024.5_utr5_0_0_chr5_148826593_f_Ref_2",37.4211231461297,0
"5P_2_4_chr5_148826811_148826812_(T-C)_-20_to_initiation_codon_NM_000024.5_utr5_0_0_chr5_148826593_f_Mut_1",47.4372400294427,0
"5P_2_4_chr7_155070880_155070881_(C-G)_-19_to_initiation_codon_NM_024012.3_utr5_0_0_chr7_155070324_f_Mut_1",10.2071441696496,0
"5P_2_4_chr7_155070880_155070881_(C-G)_-19_to_initiation_codon_NM_024012.3_utr5_0_0_chr7_155070324_f_Ref_1",49.2541438807377,0
"5P_2_4_chr9_90827544_90827545_(G-A)_-16354_to_initiation_codon_NM_001174167.2_utr5_0_0_chr9_90827420_f_Mut_1",56.7183674799777,1
"5P_2_4_chr9_90827544_90827545_(G-A)_-16354_to_initiation_codon_NM_001174167.2_utr5_0_0_chr9_90827420_f_Ref_1",30.4097540753112,1
"5P_2_5_chr1_109656104_109656105_(C-G)_-285_to_initiation_codon_NM_000850.4_utr5_0_0_chr1_109656076_f_Mut_1",13.589851036048,0
"5P_2_5_chr1_109656104_109656105_(C-G)_-285_to_initiation_codon_NM_000850.4_utr5_0_0_chr1_109656076_f_Ref_1",40.6845561433542,0
"5P_2_5_chr1_153968262_153968263_(C-A)_-263_to_initiation_codon_NM_001255981.1_utr5_0_0_chr1_153968199_f_Mut_1",52.7198520460595,1
"5P_2_5_chr1_161663121_161663122_(T-A)_-120_to_initiation_codon_NM_001190828.1_utr5_0_0_chr1_161663115_f_Mut_1",63.9538149183459,1
"5P_2_5_chr1_161663121_161663122_(T-A)_-120_to_initiation_codon_NM_001190828.1_utr5_0_0_chr1_161663115_f_Ref_1",62.4991189953973,1
"5P_2_5_chr1_171248551_171248552_(C-A)_-9536_to_initiation_codon_NM_001282694.1_utr5_0_0_chr1_171248471_f_Mut_1",44.155343757901,1
"5P_2_5_chr1_171248551_171248552_(C-A)_-9536_to_initiation_codon_NM_001282694.1_utr5_0_0_chr1_171248471_f_Ref_1",35.2347916922131,1
"5P_2_5_chr1_203627189_203627190_(G-A)_-56016_to_initiation_codon_NM_001684.4_utr5_0_0_chr1_203626787_f_Mut_1",213.432370463056,0
"5P_2_5_chr1_203627189_203627190_(G-A)_-56016_to_initiation_codon_NM_001684.4_utr5_0_0_chr1_203626787_f_Ref_1",30.2696954832074,0
"5P_2_5_chr1_20589037_20589038_(A-G)_-92_to_initiation_codon_NM_001785.2_utr5_0_0_chr1_20588951_f_Mut_1",29.3800324770353,0
"5P_2_5_chr1_20589037_20589038_(A-G)_-92_to_initiation_codon_NM_001785.2_utr5_0_0_chr1_20588951_f_Ref_1",49.95826528809,0
"5P_2_5_chr1_209704940_209704941_(G-A)_-2_to_initiation_codon_NM_005525.3_utr5_0_0_chr1_209704791_f_Mut_1",93.4832596856867,0
"5P_2_5_chr1_209704940_209704941_(G-A)_-2_to_initiation_codon_NM_005525.3_utr5_0_0_chr1_209704791_f_Ref_1",193.287237254292,0
"5P_2_5_chr10_133527324_133527325_(G-T)_-71_to_initiation_codon_ENST00000622716.1_utr5_0_0_chr10_133526259_r_Mut_1",17.4387383534842,0
"5P_2_5_chr10_133527324_133527325_(G-T)_-71_to_initiation_codon_ENST00000622716.1_utr5_0_0_chr10_133526259_r_Ref_1",29.0122095132227,0
"5P_2_5_chr10_5094167_5094168_(A-C)_-277_to_initiation_codon_ENST00000380554.4_utr5_0_0_chr10_5093793_f_Ref_1",16.3978375633318,1
"5P_2_5_chr11_111299814_111299815_(G-A)_-6713_to_initiation_codon_NM_207429.3_utr5_1_0_chr11_111299594_r_Mut_1",53.6685426477126,0
"5P_2_5_chr11_61828091_61828092_(C-T)_-299_to_initiation_codon_NM_004265.3_utr5_0_0_chr11_61828033_f_Mut_1",18.6834912468846,1
"5P_2_5_chr11_89177652_89177653_(T-C)_-301_to_initiation_codon_ENST00000263321.5_utr5_0_0_chr11_89177452_f_Mut_1",38.9836376529436,1
"5P_2_5_chr11_89177652_89177653_(T-C)_-301_to_initiation_codon_ENST00000263321.5_utr5_0_0_chr11_89177452_f_Ref_1",19.9524573477145,1
"5P_2_5_chr16_67430907_67430908_(G-A)_-341_to_initiation_codon_ENST00000567261.1_utr5_0_0_chr16_67430667_r_Mut_1",23.7636667364782,1
"5P_2_5_chr16_67430907_67430908_(G-A)_-341_to_initiation_codon_ENST00000567261.1_utr5_0_0_chr16_67430667_r_Ref_1",58.4642305235824,1
"5P_2_5_chr16_67430990_67430991_(G-A)_-258_to_initiation_codon_ENST00000567261.1_utr5_0_0_chr16_67430667_r_Ref_1",108.04071328266,1
"5P_2_5_chr16_68737361_68737362_(G-C)_-54_to_initiation_codon_NM_001317186.1_utr5_0_0_chr16_68737290_f_Mut_1",46.8363719374172,0
"5P_2_5_chr16_68737366_68737367_(G-T)_-49_to_initiation_codon_NM_001317186.1_utr5_0_0_chr16_68737290_f_Mut_1",22.1292740731908,0
"5P_2_5_chr17_42552897_42552898_(A-C)_-36_to_initiation_codon_NM_000413.2_utr5_0_0_chr17_42551966_f_Mut_1",37.8601544735199,0
"5P_2_5_chr17_42552897_42552898_(A-C)_-36_to_initiation_codon_NM_000413.2_utr5_0_0_chr17_42551966_f_Ref_1",60.9792931954808,0
"5P_2_5_chr18_52338490_52338491_(G-C)_-2297_to_initiation_codon_ENST00000582700.1_utr5_1_0_chr18_52338448_r_Mut_1",26.0040290674873,1
"5P_2_5_chr18_52338490_52338491_(G-C)_-2297_to_initiation_codon_ENST00000582700.1_utr5_1_0_chr18_52338448_r_Ref_1",17.2385923148566,1
"5P_2_5_chr22_35381160_35381161_(C-T)_-13_to_initiation_codon_NM_002133.2_utr5_0_0_chr22_35381067_f_Mut_1",14.5896809832612,0
"5P_2_5_chr3_133746356_133746357_(G-T)_-84_to_initiation_codon_NM_001063.3_utr5_0_0_chr3_133746133_f_Mut_1",52.0496233856515,1
"5P_2_5_chr3_133746356_133746357_(G-T)_-84_to_initiation_codon_NM_001063.3_utr5_0_0_chr3_133746133_f_Ref_1",56.8523123151225,1
"5P_2_5_chr3_46370951_46370952_(G-A)_-1951_to_initiation_codon_NM_000579.3_utr5_1_0_chr3_46370700_f_Mut_1",30.6195553190945,1
"5P_2_5_chr3_46370951_46370952_(G-A)_-1951_to_initiation_codon_NM_000579.3_utr5_1_0_chr3_46370700_f_Ref_1",10.8723888104206,1
"5P_2_5_chr3_46577747_46577748_(T-A)_-222_to_initiation_codon_NM_003212.3_utr5_0_0_chr3_46577586_f_Mut_1",21.133442417016,1
"5P_2_5_chr6_151804451_151804452_(C-T)_-3461_to_initiation_codon_ENST00000338799.9_utr5_0_0_chr6_151804431_f_Mut_1",19.0360896129677,1
"5P_2_5_chr6_29942452_29942453_(T-C)_-101_to_initiation_codon_ENST00000376806.9_utr5_0_0_chr6_29942245_f_Mut_1",56.3361681247293,0
"5P_2_5_chr6_29942452_29942453_(T-C)_-101_to_initiation_codon_ENST00000376806.9_utr5_0_0_chr6_29942245_f_Ref_1",91.9890510136039,0
"5P_2_5_chr6_32000911_32000912_(G-A)_-37511_to_initiation_codon_ENST00000458633.1_utr5_0_0_chr6_31999976_r_Mut_1",243.758670752259,0
"5P_2_5_chr6_32000911_32000912_(G-A)_-37511_to_initiation_codon_ENST00000458633.1_utr5_0_0_chr6_31999976_r_Ref_1",101.961944855089,0
"5P_2_5_chrX_153495073_153495074_(G-T)_-9558_to_initiation_codon_NM_001711.5_utr5_0_0_chrX_153494889_f_Mut_1",31.0814168930805,0
"5P_2_5_chrX_7219608_7219609_(G-A)_-67_to_initiation_codon_NM_000351.5_utr5_0_0_chrX_7219431_f_Mut_1",52.6404959736165,1
"5P_2_5_chrX_7219608_7219609_(G-A)_-67_to_initiation_codon_NM_000351.5_utr5_0_0_chrX_7219431_f_Ref_1",150.904123781117,1
